wavelength(nm),countrate,irradiance (watts/m^2)
174.9771110234982,92462.1087382954,0.0010496856171347923
175.01158271866402,91544.36767603942,0.0010390621647597574
175.01158271866402,92128.65190459853,0.0010456940051533693
175.04605366431596,96597.41943796887,0.0010962002446823762
175.0805238603063,101965.21069772328,0.0011568868322312487
175.11499330648752,106662.79184856979,0.0012099468950794521
175.14946200271189,109987.96254648075,0.0012474209792814525
175.18392994883183,111406.04490099588,0.0012632554655459998
175.21839714469968,109306.77602585967,0.0012392076227551638
175.25286359016792,106814.29897514,0.0012107123316785985
175.28732928508893,105084.03763926747,0.001190866070014274
175.32179422931503,106295.85091778514,0.0012043621566460428
175.35625842269872,107231.4424142509,0.0012147238873052783
175.39072186509233,106478.6983886672,0.0012059597481843722
175.42518455634823,107825.84235967284,0.001220977362183983
175.4596464963189,113061.75150387998,0.0012800152781708748
175.49410768485674,119636.11324894223,0.0013541801708422
175.52856812181417,124934.80749501656,0.001413879300071123
175.56302780704357,124509.59413251205,0.0014087906142856953
175.59748674039744,116198.73173048755,0.001314497566748445
175.63194492172806,110250.699865877,0.0012469657893021298
175.666402350888,110694.80173669642,0.0012517431229165281
175.70085902772965,114333.37962043927,0.0012926348206685077
175.73531495210543,117665.37904431862,0.001330045041524721
175.76977012386777,119349.81441710732,0.0013488208096351256
175.80422454286904,117415.85504698678,0.0013267042871804627
175.83867820896185,116426.4782227688,0.0013152673657443321
175.87313112199857,119662.13270739421,0.0013515556665816897
175.9075832818316,124732.85984993303,0.0014085524136487045
175.94203468831344,124639.6542513903,0.001407224280374304
175.97648532415917,120478.418779065,0.0013599762176744023
176.01093479361037,118976.95731362453,0.0013427646614188958
176.04538350909942,120799.00899049925,0.001363061417284958
176.07983147047884,123165.52907535521,0.0013894926608919353
176.11427867760116,126414.06242760536,0.001425862062402953
176.14872513031878,126421.97195379266,0.0014256724269347532
176.18317082848424,130060.70010961875,0.00146641994851625
176.21761577195002,141054.7665612872,0.0015900659585750077
176.25205996056854,139506.73480353842,0.001572308154579769
176.28650339419238,122644.50020733988,0.0013819925707461592
176.32094607267396,108299.78666186194,0.0012201139371426216
176.3553879958658,109307.46864945337,0.0012312260584456394
176.3898291636205,114896.73982509866,0.0012939302335599515
176.4242695757904,114728.94183335247,0.0012917883225414904
176.45870923222813,124341.67046172061,0.0013997494122781884
176.4931481327861,125836.10300066178,0.0014162962486058185
176.52758627731694,114283.66993972694,0.00128602167857951
176.56202366567308,109663.73925118089,0.0012337934110857784
176.59646029770704,102763.7161672307,0.0011559378938455303
176.63089617327142,97070.59063621623,0.0010916858823642914
176.66533129221864,108233.26260283809,0.0012169874853823705
176.69976565440132,135245.87527693753,0.001520424116743356
176.73419925967195,156551.32509549975,0.0017595955126326578
176.76863210788312,159256.73120546137,0.0017896548865162618
176.80306419888726,151238.13006093295,0.0016992145015502082
176.83749553253702,141517.03865601704,0.0015896849799910023
176.87192610868487,134243.47824670715,0.0015076862888142308
176.90635592718343,131540.87769352086,0.0014770459054354343
176.94078498788517,128571.96944865567,0.001443427719155884
176.97521329064278,127032.22864565256,0.0014258642074063703
177.00964083530866,136938.24228383336,0.0015367546026054983
177.04406762173548,154800.68136580542,0.0017368734767394104
177.07849364977577,145993.9940635868,0.0016377434284280377
177.1129189192821,138288.96954157753,0.001551007844406996
177.14734343010701,155440.3917893239,0.0017430342973075265
177.18176718210316,169819.70786023544,0.0019039071061206388
177.21619017512305,158555.86920189898,0.0017772790489507867
177.25061240901923,155198.7880791245,0.0017393111281161187
177.28503388364445,176646.0031068893,0.00197928546280312
177.3194545988511,186198.8156527625,0.002085917951981357
177.35387455449194,182794.3995828175,0.0020473820878693354
177.38829375041945,170299.76783126223,0.001907066309269213
177.42271218648625,162183.86531492654,0.0018158297502077333
177.45712986254497,161637.18719331303,0.0018093580855537011
177.49154677844825,143283.5208362552,0.0016035971099180634
177.52596293404858,117780.52881936406,0.0013179177804731584
177.56037832919867,109956.88049158163,0.0012301357580647972
177.5947929637511,120587.80653814941,0.0013488071567588891
177.62920683755854,130797.52626631809,0.0014627221843738654
177.6636199504735,136434.76749669015,0.001525468494997469
177.6980323023487,133660.05637738426,0.0014941552170067403
177.73244389303676,130339.9822334681,0.0014567587627439026
177.76685472239024,141055.9552040467,0.0015762218089085353
177.80126479026188,138725.94005002853,0.0015498851771101024
177.83567409650422,140227.03530619023,0.001566352703847677
177.87008264096997,146348.0697187981,0.0016344091543180055
177.90449042351173,153476.84490463862,0.001713691516818059
177.9388974439821,169645.78113543912,0.0018938643234396358
177.97330370223386,166478.24509230003,0.0018581438027084147
178.0077091981196,158648.41904353735,0.0017704090940004256
178.04211393149197,163500.88916478155,0.0018242068032119966
178.07651790220368,175718.69285962527,0.001960144116769073
178.11092111010723,178884.35065144577,0.0019950716325605037
178.14532355505543,172967.41644016292,0.0019287083762691058
178.17972523690096,156088.92486120388,0.001740165277415476
178.21412615549647,144193.4982562712,0.001607238204656963
178.2485263106946,146549.79280008876,0.0016331871534484646
178.28292570234805,151274.48144928546,0.0016855149727878717
178.31732433030948,150631.36709185503,0.0016780255650892418
178.35172219443163,157585.87655800142,0.0017551598626650352
178.38611929456715,168910.29095272085,0.00188092615978004
178.4205156305688,168030.10398215204,0.0018707639843713747
178.45491120228914,161456.0696023551,0.0017972254747064215
178.489306009581,161325.87436393666,0.0017954301795127484
178.52370005229696,164737.06032553184,0.001833040779808311
178.5580933302899,162376.97283494193,0.0018064319053500482
178.5924858434124,163867.44691799002,0.0018226622526773563
178.62687759151717,172018.43489597063,0.0019129555532132851
178.66126857445693,170940.1675029511,0.0019005986050751455
178.69565879208446,157760.20708155987,0.0017537196172933414
178.73004824425246,156800.12746545524,0.0017427116447379257
178.76443693081364,163535.30872838118,0.001817218310660594
178.79882485162074,166147.97753676274,0.0018458954248481221
178.83321200652645,166000.76362413805,0.0018439052602183467
178.86759839538357,158987.69006351623,0.0017656658525794836
178.90198401804477,168408.4995948749,0.0018699308388461298
178.93636887436287,186321.57700395875,0.0020684318937941267
178.97075296419055,192571.67000787516,0.002137406007805329
179.00513628738057,182501.91317341675,0.0020252499181347807
179.03951884378571,169663.28826411016,0.001882416288638361
179.07390063325875,176204.875409705,0.0019546199244604248
179.10828165565238,189825.55811114627,0.002105308347544926
179.1426619108194,188075.5338639087,0.0020854989447377814
179.17704139861257,185943.59015684773,0.0020614630039400054
179.21142011888466,182118.4798453444,0.00201866860879939
179.2457980714884,171218.63168269952,0.0018974866661349958
179.28017525627658,156208.87599007558,0.001730812941002923
179.31455167310207,146665.11460720748,0.0016247553869962214
179.34892732181757,145999.3715342241,0.0016170702868146458
179.38330220227587,145373.39297451125,0.00160982848119721
179.41767631432973,143850.29675110223,0.0015926569047612445
179.45204965783202,139161.363794308,0.0015404476622817294
179.48642223263548,151066.0797584111,0.0016719067564652168
179.52079403859295,156565.24093193345,0.0017324363378896249
179.55516507555708,152651.25500888002,0.0016888036967938524
179.58953534338087,164416.9963366202,0.0018186217365310515
179.62390484191704,170013.10591202468,0.001880160664781058
179.65827357101844,166620.25258681708,0.0018422868867516268
179.69264153053786,163048.74720344506,0.0018024526618676715
179.72700872032806,155306.83539402665,0.0017165399621753485
179.76137514024197,162886.07692756818,0.0017999658943697368
179.79574079013236,169064.01143112587,0.0018678778163914301
179.830105669852,171184.04130045007,0.0018909392207674225
179.86446977925382,171716.83087383062,0.0018964621409255675
179.89883311819062,166474.11371457225,0.0018382097250577267
179.93319568651523,173621.1521595774,0.0019167613119733106
179.96755748408046,178616.34380256763,0.0019715312585677673
180.00191851073922,176633.71063988123,0.001949275179528142
180.03627876634434,184783.1145781552,0.0020388203022748286
180.07063825074863,184297.87825507167,0.002033078397743485
180.10499696380492,186711.0412902505,0.0020593062282678993
180.13935490536613,196996.84831218034,0.0021723378500659394
180.17371207528512,187605.7601822199,0.002068385272068481
180.2080684734148,184120.0064007609,0.0020295672386736905
180.24242409960786,185776.42865016207,0.0020474357609691347
180.27677895371738,188448.06353123218,0.002076483973669069
180.31113303559607,196526.03257829984,0.0021650814483437234
180.34548634509696,190045.0222182405,0.00209328285205795
180.3798388820728,182743.26916524518,0.0020124731257640544
180.41419064637657,187668.9033556638,0.002066323506034194
180.448541637861,197589.79105879358,0.0021751430293880016
180.48289185637915,203068.64016059882,0.002235030808213035
180.51724130178388,203552.41195673245,0.0022399290346706083
180.55158997392803,201289.56502131562,0.0022146068477241726
180.58593787266457,195197.14202692691,0.002147168958633449
180.62028499784634,197475.348767109,0.002171816161818154
180.65463134932628,197932.79013386965,0.002176433195219828
180.68897692695725,188140.29634763417,0.0020683634712251662
180.72332173059218,181481.00738715625,0.0019947738912025354
180.7576657600841,205282.30635247796,0.002255960484943899
180.7920090152858,301641.3853458415,0.00331427385026159
180.82635149605025,388038.52451711113,0.004262749569362636
180.86069320223038,322033.57795521506,0.0035369886041607666
180.8950341336791,204785.91554467365,0.002248796380045745
180.92937429024937,180302.87119611533,0.0019795672293323485
180.96371367179415,194338.78081767613,0.002133264312575071
180.99805227816623,196850.73314289472,0.002160428160293916
181.03239010921874,208400.850171305,0.002286756358697385
181.06672716480452,217584.13885661328,0.002387070668075797
181.10106344477663,221533.9717916929,0.0024299426717463834
181.1353989489879,194631.06985889585,0.002134447771085167
181.1697336772913,186573.81812946763,0.0020456990696609283
181.20406762953988,195055.29752615184,0.0021382894922744493
181.2384008055865,196689.26790753973,0.00215579339391461
181.2727332052842,205662.6473945434,0.0022537183110930134
181.3070648284859,213601.16399434707,0.002340267934728623
181.3413956750446,199631.83589819926,0.0021868023965896737
181.37572574481328,182381.15496947014,0.0019974572479919297
181.41005503764495,183679.6934051136,0.0020112982932125882
181.4443835533925,183605.0949089604,0.0020101010627360132
181.478711291909,181125.31694331518,0.0019825774682414436
181.51303825304745,198388.2260937576,0.0021711246703170805
181.54736443666076,205807.56014363788,0.002251894654048532
181.58168984260197,206437.49986479475,0.0022583603050879758
181.61601447072408,213331.52024084158,0.002333337611898802
181.65033832088014,278302.04354633356,0.0030433848797522087
181.68466139292312,447491.4359529971,0.004892638841571672
181.71898368670594,578664.6725511224,0.006325623870048723
181.75330520208175,555310.993451276,0.006069188808350985
181.78762593890352,369658.81951220706,0.00403936826013252
181.82194589702428,242047.8249970823,0.002644426968032173
181.85626507629703,216429.40963240628,0.0023640937875659316
181.89058347657473,225787.00310901407,0.0024658429759887857
181.92490109771055,248745.52986670684,0.0027160629526513653
181.95921793955745,242977.65902926572,0.0026525829654307173
181.9935340019685,222042.3039236252,0.0024235749833149845
182.02784928479662,210396.87268239862,0.0022960330584327754
182.06216378789503,198164.39218558255,0.002162134038422915
182.0964775111167,205554.4888361185,0.0022423433588945082
182.13079045431462,221937.8137959295,0.0024206088990742997
182.1651026173419,244819.5950038991,0.0026696706487016096
182.19941400005163,249510.20386200803,0.0027203076920609037
182.23372460229683,238820.11582014276,0.002603267804486384
182.26803442393054,233704.70200860559,0.0025470275022825483
182.30234346480592,243735.79582002078,0.002655851319642299
182.3366517247759,263463.36586753826,0.002870271340822581
182.37095920369367,272909.9927516487,0.002972627217566279
182.40526590141224,268716.8183485053,0.002926403254820271
182.4395718177847,274494.1098443852,0.002988757505569165
182.47387695266414,287335.488070365,0.003127989328990476
182.50818130590366,264036.36635644326,0.002873810348785186
182.54248487735637,246448.28842253683,0.002681875066042688
182.57678766687533,253368.87952624293,0.002756667610605568
182.6110896743137,242308.0388437648,0.0026358298318086863
182.64539089952447,221620.58697711697,0.0024103387233378537
182.6796913423608,223501.54514349342,0.0024303395538492496
182.7139910026758,244041.76392762802,0.002653194239976749
182.74828988032255,249843.35775933313,0.0027157587074524777
182.7825879751542,229370.80168657412,0.002492757345903479
182.8168852870239,202528.9793057694,0.0022006327043984446
182.85118181578468,216565.34204451824,0.002352707182847076
182.88547756128975,243921.87104239134,0.0026494041749419313
182.91977252339217,253665.25300347197,0.0027547172176792625
182.9540667019451,248822.6609221709,0.002701621831088672
182.9883600968017,243533.1428245692,0.0026436947139203714
183.02265270781498,242236.9309497983,0.002629130868198177
183.0569445348383,234070.3921797528,0.0025400190159851205
183.0912355777246,233072.38818960337,0.0025287154677153373
183.12552583632717,226539.62454015616,0.0024573781137395773
183.15981531049908,243729.6914552924,0.002643351614300148
183.19410400009352,267126.5469623631,0.0028965581561497746
183.22839190496362,258130.57650516706,0.00279848752743769
183.26267902496252,249949.74479249,0.0027092891701625457
183.29696535994347,255827.65719771897,0.0027724831357866216
183.33125090975952,250206.74964854933,0.002711060527312124
183.36553567426392,245015.46775515893,0.002654315144155828
183.3998196533099,257495.9272344137,0.0027889976886626474
183.4341028467505,273754.45554173965,0.0029645433866838915
183.46838525443903,268872.9620664545,0.0029111366195545504
183.50266687622852,283242.05041031935,0.003066140443274461
183.5369477119723,289456.16043838783,0.0031328239221940337
183.57122776152352,274466.90209529235,0.002970038385186246
183.60550702473535,256907.91960522346,0.0027795115526068675
183.63978550146095,246101.69067635998,0.0026621009154110743
183.67406319155364,241557.45220892582,0.002612457904312411
183.70834009486654,258368.8853377061,0.002793753167140665
183.74261621125288,282346.7564857956,0.003052457329558524
183.77689154056583,280803.79254695476,0.0030352101228538915
183.8111660826587,262572.6703627551,0.0028376205793288665
183.84543983738462,246951.41655819598,0.0026683042877385216
183.87971280459686,264550.0587356013,0.002857924423356171
183.91398498414856,299997.3753460027,0.003240256532419492
183.94825637589307,293099.11853895284,0.0031651589977671727
183.9825269796835,265219.5990091172,0.0028635563181945737
184.0167967953732,236031.0527468065,0.0025479351559834977
184.0510658228154,225579.25924259142,0.0024346555329862432
184.08533406186322,241936.98756437423,0.002610716855960523
184.11960151237002,225298.42712056756,0.002430719403718387
184.153868174189,198785.24110826326,0.002144272547800345
184.1881340471734,197003.50552125086,0.0021246578405066077
184.2223991491745,215735.20739217495,0.0023262441127279935
184.25666389407402,229470.52808877837,0.0024738901178712877
184.2909278498661,247597.8138654043,0.0026688215978842396
184.32519101640403,264971.71171759866,0.002855561467358302
184.35945339354112,253941.79830299783,0.00273618509794468
184.39371498113059,229014.10983969187,0.002467134467925717
184.42797577902564,229117.15280884053,0.0024677860136869466
184.46223578707963,255792.3367946167,0.002754588661852403
184.4964950051458,263820.85021404247,0.002840518943460174
184.53075343307745,240964.50735120274,0.0025939465186354664
184.56501107072785,210122.5957537419,0.0022615181548815283
184.59926791795033,201958.6339134223,0.002173247278069366
184.6335239745981,217649.6039559882,0.00234166096674366
184.66777924052448,236629.8765387195,0.0025453947554687256
184.70203371558281,231962.57669282932,0.0024947265056162755
184.7362873996264,199370.78522830261,0.002143808567669494
184.77054029250843,175051.9975943458,0.001881962808673215
184.80479239408234,171877.96717840058,0.0018474967100559324
184.83904370420137,181791.65146742915,0.0019536956807122024
184.8732942227189,200629.6892157435,0.0021557466250271386
184.90754394948814,233229.41682699247,0.0025055633662732376
184.9417928843625,267347.28963762085,0.002871556835000835
184.9760410271953,280591.41357121774,0.003013252955116662
185.01028837783983,266198.40686208283,0.0028581582183387767
185.04453493614938,229388.74146261177,0.0024624789671643865
185.07878070197734,186347.88755390534,0.002000066973716852
185.1130256751771,187329.98313375187,0.002010235827466422
185.1472698556019,214630.9622854214,0.002302776318874852
185.18151324310517,221752.37850602315,0.0023787420640617924
185.2157558375402,217904.94652600787,0.002337038436240227
185.24999763876036,213277.14650239344,0.0022869823072053297
185.284238646619,208677.91108090323,0.0022372509323414043
185.3184788609695,221467.25759868685,0.0023739277407540697
185.35271828166515,243240.68220180247,0.002606837426689344
185.38695690855937,265160.3915041534,0.002841228551678679
185.42119474150556,286927.8788822786,0.003073902350860733
185.455431780357,307615.73084125965,0.0032949260896227594
185.48966802496716,323584.6466214953,0.003465332227382997
185.5239034751894,319209.1196697181,0.0034178430161852674
185.558138130877,301590.80013729236,0.0032286039786835405
185.5923719918835,286827.0600646884,0.003069988109938284
185.62660505806215,298121.32846202847,0.0031902852817281857
185.66083732926646,316482.0355447413,0.0033861442315117306
185.6950688053497,317360.44596414716,0.0033949166877808826
185.7292994861654,289058.66130364407,0.0030915926111108726
185.76352937156685,256257.18218512082,0.002740263253397805
185.79775846140754,248846.80093878403,0.0026605307707353175
185.8319867555408,267749.1732541024,0.0028620970947762737
185.86621425382012,284396.6653875914,0.003039490154589804
185.90044095609886,272957.36725539126,0.002916695523218646
185.93466686223044,254091.77830962892,0.0027146068277379017
185.96889197206835,248496.0751882152,0.002654336166831247
186.00311628546592,259867.1220235848,0.002775286420336729
186.03733980227665,273247.19913175155,0.002917643951249689
186.07156252235393,278928.4745751605,0.0029777589694510915
186.10578444555125,278410.5420506871,0.002971683126781363
186.14000557172199,271049.9454390817,0.002892586106968724
186.1742259007196,265797.7304533916,0.0028360142319779438
186.20844543239753,269769.60686383274,0.0028778644802470474
186.24266416660927,283006.27352498175,0.003018516691099944
186.27688210320827,298281.97026530636,0.0031808613368474207
186.3110992420479,313314.06705775246,0.0033405491060188985
186.3453155829817,311304.27488467476,0.003318511286926164
186.37953112586314,290486.1592773625,0.0030960211867703488
186.41374587054565,274761.37637517595,0.0029278878951803713
186.4479598168827,268740.1663326082,0.002863199703857234
186.4821729647278,268009.18044715095,0.0028548877949662508
186.51638531393434,274684.1095886944,0.002925453776282088
186.55059686435592,276881.1046167248,0.00294831152668276
186.58480761584596,263258.9318352507,0.002802744636116929
186.61901756825793,265028.523822657,0.0028210670806805226
186.65322672144538,285895.4460369998,0.0030426250037139052
186.68743507526173,315474.4178190286,0.0033568022143850604
186.72164262956053,334089.5204584081,0.003554224761490243
186.75584938419524,339215.7432543664,0.0036080992970582123
186.7900553390194,351346.8448803851,0.003736448506726987
186.8242604938865,355517.40924022,0.0037801087559258977
186.8584648486501,343330.5177614183,0.003649861008406497
186.89266840316364,341766.44053609605,0.0036325687694967416
186.92687115728071,350540.44532831537,0.003725144224170092
186.96107311085478,357086.511205643,0.00379401415992922
186.99527426373936,356215.0606879514,0.0037840628454657494
187.02947461578802,348456.5883613683,0.003700967920586552
187.0636741668543,335717.67446382024,0.0035650156461752513
187.0978729167917,342532.4518503655,0.0036367175091317795
187.1320708654537,367577.78154645866,0.003901914268579103
187.166268012694,369851.0077346072,0.0039253277076475345
187.20046435836608,357168.34218416497,0.003790030724357442
187.2346599023234,349306.8476028957,0.0037059328647760163
187.26885464441963,335807.1455345719,0.0035620587092537893
187.30304858450825,320595.81334781,0.0034000843782936783
187.33724172244285,314793.52605546056,0.0033379387632943864
187.37143405807694,335692.6547694432,0.003558894814058385
187.4056255912642,369722.2396552713,0.003918949309310956
187.43981632185813,383295.44636355253,0.004062080297487306
187.4740062497123,358738.3159361921,0.003801135919427453
187.50819537468027,317301.7133191172,0.0033614670412524575
187.54238369661564,327502.7031117908,0.0034689029649311483
187.576571215372,350579.9331207215,0.003712659796883135
187.61075793080298,341278.9915375594,0.003613503761763648
187.64494384276207,343106.0075102123,0.0036321865836872413
187.67912895110294,350842.9237991894,0.0037134145676265143
187.71331325567914,333531.2988948446,0.003529540859056905
187.74749675634433,328444.01652701094,0.0034750726912350454
187.78167945295206,341628.4900286627,0.0036139118644386947
187.81586134535598,348325.9370083485,0.003684090092202844
187.85004243340967,339577.6382058221,0.0035909096682150616
187.8842227169667,324704.1608030388,0.0034330034168884543
187.9184021958808,324422.392418842,0.0034294004921591173
187.95258087000545,326947.75782926125,0.0034554671140360946
187.9867587391944,320283.12745148403,0.0033844140949983955
188.02093580330126,316548.7420517322,0.0033443450300174016
188.05511206217966,317237.5202392549,0.003351012879894279
188.0892875156831,323715.3987370229,0.003418818077958547
188.1234621636654,323471.9851979453,0.003415626744610889
188.15763600598012,316140.88632332796,0.0033376094229943813
188.19180904248094,307362.29272017884,0.003244341518795499
188.22598127302143,320743.1606046291,0.003384967699528416
188.26015269745528,350496.70241623645,0.003698300737245017
188.2943233156362,376778.9500246774,0.003974899007277233
188.32849312741783,396738.53160863963,0.00418470689386007
188.3626621326538,396378.75654639554,0.004180153651293844
188.3968303311978,359581.0780006026,0.0037914028538798402
188.43099772290344,361344.76796865184,0.0038093082517071976
188.46516430762446,393384.39306939294,0.00414631920094634
188.49933008521452,384613.28361330566,0.004053135873832003
188.5334950555273,373678.82726314955,0.003937192662382868
188.56765921841645,374671.1388338648,0.003946932732086627
188.60182257373575,368798.96767911053,0.0038843692353711344
188.63598512133876,364320.87226136954,0.003836508837711889
188.6701468610793,370145.217179639,0.0038971367812135394
188.70430779281097,386362.6739856379,0.00406714862470349
188.73846791638752,389236.48502410983,0.004096658958732205
188.77262723166263,374349.3340416913,0.00393926084277715
188.80678573849002,367411.7913884902,0.0038655579254274794
188.84094343672342,363117.15218607074,0.0038196827782888045
188.8751003262165,359211.9653510442,0.0037779202060930434
188.90925640682303,369879.9636841181,0.0038894147971543515
188.9434116783967,395274.6741370989,0.004155697534888416
188.97756614079123,417651.89704622416,0.004390165589171629
189.01171979386035,409979.4369879657,0.004308737488459049
189.04587263745785,405400.768592517,0.004259847599577257
189.08002467143734,408003.4545467479,0.0042864215955741945
189.11417589565266,395953.34661183733,0.004159073810453566
189.14832630995753,386647.27031129494,0.004060589993268672
189.18247591420572,419475.05197548924,0.0044045538690050895
189.2166247082509,492336.9114913807,0.005168681843121091
189.25077269194688,504757.4331824816,0.00529811957954611
189.28491986514743,443847.4978423521,0.004657946056912286
189.3190662277063,376763.9294384028,0.003953226139116495
189.3532117794772,358578.3765878189,0.0037617342826808536
189.38735652031394,379062.0860442344,0.003975905563858801
189.42150045007028,412749.8368394312,0.004328469206038817
189.45564356860007,447747.8317780211,0.004694643721745809
189.48978587575698,457932.1213057294,0.004800561050792242
189.52392737139482,432278.3651992379,0.004530813098010664
189.55806805536736,399909.1968584436,0.004190789165286894
189.59220792752845,392063.1361408875,0.004107827704890655
189.6263469877318,404189.4086600629,0.004234117878713863
189.6604852358313,410612.5210749177,0.004300629458853134
189.6946226716806,420575.68149620394,0.004404187821613477
189.72875929513364,420524.2459610373,0.004402856879488417
189.76289510604423,399254.52940270875,0.004179412608637348
189.79703010426607,377958.3156941742,0.003955771406191003
189.83116428965303,360384.94212087186,0.003771167475425338
189.86529766205896,344939.89901049936,0.0036088973699467193
189.8994302213376,335535.94943694095,0.003509878558160023
189.93356196734285,348063.6440542441,0.0036402703980953992
189.96769289992844,370956.9244484562,0.003879005793041194
