wavelength(nm),countrate,irradiance (watts/m^2)
175.00988205017617,92210.77798490121,0.0010466363369497893
175.04435266085798,96381.39093099364,0.0010937593532840402
175.0788225218855,102262.71563024378,0.0011602735676252383
175.11329163311115,106090.81544965466,0.00120347028154794
175.1477599943873,109806.64674697936,0.0012453767004031583
175.18222760556625,111495.03051242528,0.0012642767767861692
175.21669446650043,108855.77811404047,0.001234106665417654
175.2511599329542,105809.56233055938,0.001199335561719331
175.28562462177175,105720.0414947301,0.0011980852423888603
175.32008855963778,106100.34240894658,0.0012021586853120532
175.35455174640487,106998.72245715164,0.0012120994192823783
175.38901418192526,105823.2180072269,0.0011985475577283087
175.42347586605143,108251.0023274932,0.0012258036458428106
175.45793679863584,113581.95556434659,0.0012859172371724608
175.49239697953084,120000.66362264095,0.001358319815247896
175.5268564085889,125666.69806367102,0.0014221759279856346
175.56131508566247,123554.7504411132,0.0013980004680496333
175.59577301060398,115055.12326293818,0.0013015732043269587
175.63023018326572,110078.79603956048,0.001245033665241428
175.66468660350037,110418.46083430543,0.0012486304397230851
175.6991422711602,113912.08770769092,0.0012878843457864687
175.7335971860977,117528.45021070784,0.001328510235496739
175.76805134816533,119025.54888908165,0.0013451693067993017
175.80250475721544,117275.87365912332,0.0013251355736001833
175.83695741310066,116716.38337286722,0.0013185553215251619
175.87140931567333,119402.25766658483,0.0013486336422577293
175.90586046478592,124701.48160843957,0.00140821186505017
175.94031086029096,124462.61191986279,0.0014052391800816956
175.97476050204082,119812.00622160494,0.0013524669213002387
176.00920938988804,119149.27037334113,0.0013447225552472048
176.04365752368508,120173.69674122467,0.0013560188676607255
176.07810490328436,123291.40426004834,0.0013909263614071035
176.11255152853843,126438.47021048603,0.0014261513513311073
176.14699739929978,126870.81688434914,0.0014307481265858203
176.18144251542083,130295.13576327493,0.0014690775957592178
176.21588687675413,140679.8126572426,0.0015858547803443165
176.2503304831521,137660.76882928703,0.0015515184524582237
176.28477333446736,121281.36613202523,0.0013666458064240576
176.31921543055225,107484.56531441919,0.0012109414749012573
176.35365677125938,110082.74794779271,0.0012399708827526455
176.38809735644128,115153.46837418541,0.0012968341605451054
176.42253718595035,115033.77359223421,0.0012952332883730319
176.4569762596392,124577.89649496388,0.001402422448626045
176.49141457736027,125274.78882230351,0.0014099924581286694
176.52585213896614,112980.72862241202,0.0012713723114500712
176.5602889443093,109754.3880014324,0.0012348254047889436
176.59472499324227,101963.42413010066,0.0011469470773962603
176.6291602856176,96981.93998800099,0.0010906996089022002
176.6635948212878,109365.66037571394,0.0012297323858432845
176.69802860010543,136346.03135891818,0.0015328070582880425
176.73246162192297,157268.85940735735,0.0017676777883100518
176.76689388659307,158944.6760258592,0.0017861657159217235
176.8013253939681,150905.09807335417,0.001695489442645163
176.83575614390082,140679.78421667145,0.001580295502302477
176.87018613624366,134645.55684301333,0.001512216903283889
176.90461537084917,131823.72573904652,0.0014802365127549724
176.93904384756988,127592.1028496407,0.0014324412318135328
176.9734715662585,127227.40767891968,0.0014280690350966644
177.0078985267674,137017.24383204183,0.001537656312565385
177.04232472894932,154909.45253341965,0.0017381110068100303
177.07675017265674,145338.94510611185,0.001630411219064324
177.11117485774218,139249.00512447022,0.0015617906964437778
177.1455987840583,156529.95808875753,0.001755269460161825
177.18002195145772,169197.89518069543,0.001896954435370975
177.2144443597929,158334.5800385106,0.0017748160662975705
177.24886600891645,156279.68567885706,0.001751441992209036
177.2832868986811,176912.1955616255,0.001982287633193133
177.31770702893928,186595.8943000215,0.002090386882160384
177.3521263995437,181704.1758871574,0.0020351911372627255
177.38654501034688,169262.72080032216,0.0018954718411850514
177.42096286120142,161945.1729671366,0.001813175199700248
177.45537995195997,160374.01741059814,0.001795235932999506
177.48979628247517,141306.7221540709,0.0015814888186200724
177.52421185259954,116699.16129377435,0.0013058305837495912
177.55862666218576,109537.0568265083,0.0012254510962456167
177.59304071108645,121577.84650479007,0.0013598944384510543
177.62745399915423,130796.90281064999,0.0014627296463667566
177.66186652624165,136745.75726843587,0.0015289607417872868
177.69627829220144,132207.67324263018,0.0014779339462363233
177.7306892968862,131306.16049121544,0.0014675718455057552
177.76509954014853,141179.17244052407,0.0015776142695471708
177.79950902184117,138128.52371892644,0.0015432259132060766
177.8339177418166,140719.18496756395,0.0015718655984277511
177.8683256999276,145668.5493652344,0.0016268363686227077
177.9027328960268,154266.60451351764,0.0017225268303640196
177.93713932996675,169567.3626530561,0.001893007591523061
177.97154500160022,165656.1240373923,0.0018489859853621168
178.0059499107799,158042.06630126818,0.0017636600379732758
178.04035405735826,163834.54486102873,0.0018279475242154012
178.0747574411882,175167.076259856,0.0019540101443193854
178.10916006212216,178180.46216356504,0.0019872409132932374
178.14356192001296,171235.14960446671,0.00190941126409325
178.1779630147133,155790.14307068108,0.0017368514712063842
178.21236334607573,143594.14755996037,0.0016005734350163963
178.246762913953,146586.7958711826,0.0016336156860428197
178.28116171819784,150726.1886929693,0.0016794224583192257
178.31555975866283,150316.2358507509,0.0016745315901491788
178.34995703520076,157810.68741284232,0.0017576811567335015
178.38435354766426,169429.9531863191,0.0018867316131151264
178.41874929590608,167809.16337166866,0.0018683226371004117
178.45314427977885,161293.81259188356,0.001795437110701001
178.4875384991354,161903.57311079465,0.0018018773557873448
178.52193195382827,164243.8120689396,0.001827570472251117
178.5563246437103,161982.76273473402,0.001802064197056615
178.59071656863418,164612.71924638722,0.0018309698949695434
178.62510772845258,172373.08038314554,0.0019169184320911158
178.65949812301818,170307.27637170805,0.0018935805682437706
178.69388775218385,156291.87256464222,0.0017374142982252915
178.72827661580223,156666.37937157176,0.0017412423982863725
178.76266471372602,164255.87625847795,0.0018252434134822838
178.79705204580807,165792.44370212438,0.0018419637255897097
178.83143861190098,164725.66073609525,0.0018297598019273787
178.86582441185755,158789.46399180673,0.0017634819079181247
178.90020944553052,168816.18420828806,0.0018744761754381902
178.93459371277265,187070.07796407214,0.0020767619113221105
178.96897721343666,191944.56427943832,0.0021304667271198506
179.00335994737532,181583.55680823734,0.00201507878221086
179.0377419144414,169194.3069759337,0.0018772315665525883
179.07212311448765,177588.2509483241,0.001969985100752422
179.10650354736686,189603.7654485752,0.002102869376305597
179.14088321293175,187015.99949683374,0.0020737707565123917
179.1752621110351,185111.20258465345,0.0020522551214196185
179.2096402415297,181996.42745928516,0.002017335770607459
179.2440176042683,170457.89059797346,0.00188907471213406
179.27839419910364,155090.53078252752,0.0017184386147878442
179.31277002588865,145763.75678574143,0.001614786193991359
179.34714508447598,145962.93053720592,0.0016166827364126643
179.38151937471852,143980.9259114176,0.0015944244967197117
179.41589289646893,143483.77533750262,0.0015886147070752281
179.45026564958016,139233.61350465647,0.001541262753282296
179.4846376339049,151913.2478640297,0.0016812994105180014
179.519008849296,156329.45735227127,0.001729844531316159
179.5533792956062,153058.8711500903,0.0016933300563595104
179.5877489726884,164658.53097603002,0.00182131147554248
179.6221178803953,169402.65903764058,0.0018734284215696283
179.6564860185799,166138.7710083207,0.0018369815184908767
179.69085338709488,162113.16750817798,0.0017921279560290696
179.725219985793,154523.20662035272,0.0017078958466719043
179.7595858145273,162678.0760232773,0.0017976852829001075
179.79395087315044,169055.98668255887,0.0018678077507364662
179.82831516151523,170896.76538398658,0.0018877846994051017
179.86267867947464,170765.35239039798,0.0018859726742553938
179.89704142688143,165518.77911620337,0.001827679108380583
179.93140340358846,173254.85464888441,0.0019127364740815617
179.96576460944857,178372.5321997102,0.0019688597293539135
180.00012504431461,176936.75372180235,0.0019526389248664554
180.0344847080394,185645.62392039268,0.002048357284730979
180.0688436004759,183858.99660041044,0.002028257097810037
180.1032017214768,187734.28878701644,0.0020706126487374456
180.13755907089504,198124.3076503723,0.002184792431476828
180.17191564858356,186949.66899483532,0.002061172306608237
180.20627145439525,184449.90194082045,0.0020332239745746786
180.24062648818273,185570.87333855196,0.002045190740102369
180.27498074979914,188604.0066780463,0.0020782230199368214
180.30933423909727,196554.4886716122,0.0021654165448316944
180.34368695593,189481.2445613366,0.002087093852147652
180.3780389001502,182153.1295472819,0.0020059941891456667
180.4123900716108,187753.27970157488,0.002067273161420945
180.44674047016457,197699.62883579283,0.0021763738888358427
180.48109009566457,203041.33767167936,0.0022347526188441448
180.51543894796362,203859.0662578469,0.002243325914521612
180.54978702691463,201210.28787867597,0.002213756739166838
180.5841343323705,194231.90425733858,0.002136572679497043
180.61848086418416,196370.60438583174,0.002159687854403666
180.65282662220847,197882.4333098184,0.0021759012177825017
180.68717160629637,186449.57072072188,0.0020497965716824926
180.72151581630075,181502.96174270244,0.001995035141365631
180.75585925207463,207217.31758457472,0.0022772481496186863
180.79020191347087,308312.10024565173,0.003387601950496154
180.8245438003424,387816.97201810626,0.004260358321791493
180.85888491254215,314813.3516878653,0.0034577213267587364
180.89322524992306,201144.09006609206,0.00220882683071676
180.9275648123381,180826.4370904319,0.0019853353785633963
180.96190359964012,194216.5257197585,0.0021319436381986813
180.99624161168208,198108.3862671699,0.002174252598925057
181.03057884831705,208640.4701659323,0.0022894085847433446
181.06491530939783,217690.33317498834,0.002388259602286779
181.09925099477755,220262.7517163213,0.002416023202351743
181.133585904309,193079.600145637,0.0021174545643858947
181.16792003784516,187209.1977516582,0.0020526862739518484
181.20225339523913,194446.91553910665,0.002131641460082624
181.23658597634378,197646.5596707016,0.002166307388521104
181.270917781012,206552.94940291852,0.002263497199278535
181.3052488090969,212575.18782968234,0.0023290504108849966
181.33957906045143,198850.73001482792,0.002178267845880601
181.37390853492855,181102.01535236134,0.0019834678512140546
181.40823723238125,183099.79174236557,0.0020049684427957556
181.44256515266252,183047.3491375687,0.002004014968716267
181.47689229562536,180618.0982891811,0.001977045325872066
181.5112186611227,198725.75222868045,0.002174840296819952
181.54554424900766,205769.72439666494,0.0022515032382983066
181.57986905913313,206073.9192395476,0.002254405454904674
181.61419309135212,214952.26567338745,0.0023510882766804462
181.64851634551778,284112.8118995045,0.003106959969250529
181.68283882148296,456277.24423230754,0.004988748348818225
181.71716051910064,581260.7942926285,0.006354066904731935
181.75148143822403,547375.9662140401,0.00598252414014474
181.78580157870607,358392.5770357573,0.003916298090311552
181.8201209403997,238385.8337179752,0.0026044450300242144
181.85443952315808,215829.80089260626,0.0023575678296783847
181.8887573268341,227306.11997446144,0.0024824583302452893
181.9230743512809,249928.28323926913,0.0027290048892253584
181.9573905963515,241107.1466480356,0.002632189047637247
181.99170606189895,220850.10118345084,0.002410586392306482
182.0260207477762,210181.59414783452,0.0022937067935806495
182.06033465383638,197237.04281896134,0.0021520375266445902
182.09464777993261,205580.42105186897,0.002242648781510068
182.12896012591779,222605.00899523127,0.002427910195539383
182.1632716916451,245848.37586917618,0.0026809160839555385
182.19758247696757,249472.58878123682,0.002719924931721596
182.23189248173819,237784.61277148713,0.0025920063231254548
182.26620170581012,234217.10622559697,0.002552637599595261
182.30051014903646,245119.04499422276,0.0026709506650189774
182.3348178112701,263325.16392996896,0.00286879456959392
182.36912469236438,273039.10886462993,0.0029740635103818656
182.40343079217217,268296.6840354796,0.0029218572672845703
182.4377361105466,273681.4713476006,0.002979939287449886
182.47204064734086,286741.1973508441,0.0031215511794154757
182.50634440240793,260954.67012712272,0.0028402973041859285
182.5406473756009,245847.2730267198,0.002675361686663623
182.574949566773,254252.16373996082,0.0027663056422667152
182.60925097577726,241321.67333268357,0.0026251265678463452
182.64355160246672,221103.82408428434,0.002404742642447773
182.67785144669455,224800.06694552817,0.002444484205644925
182.71215050831387,244478.14712869324,0.0026579653223192307
182.74644878717768,248827.42823762816,0.0027047429593407223
182.78074628313928,226931.60759388818,0.0024662735078449876
182.8150429960517,201797.05411334505,0.002192701872178941
182.84933892576802,217266.79809967292,0.0023603514004393086
182.8836340721415,243486.2737212814,0.0026446995097340136
182.91792843502515,253010.05859210502,0.0027476297321644295
182.9522220142721,248343.43084267186,0.0026964457208244795
182.9865148097356,243676.96351796147,0.002645282647170635
183.02080682126868,240627.29903629323,0.0026116869865740818
183.05509804872455,233932.84411534396,0.002538552016967842
183.08938849195633,231882.87568863694,0.002515835249818434
183.1236781508172,225967.43194204467,0.0024511960128446204
183.15796702516027,244499.90329379053,0.0026517316464371647
183.1922551148388,266996.6285980916,0.0028951786198256994
183.22654241970582,258360.19584393973,0.002801005187268161
183.26082893961453,250097.12819006148,0.002710914075669149
183.2951146744182,255597.56680815152,0.0027700175432501684
183.3293996239698,249785.01002445119,0.002706518190351264
183.36368378812267,244056.25516478912,0.002643950451536303
183.39796716673,258957.304785845,0.0028048545367748896
183.43224975964495,273785.44244229904,0.0029649089023010503
183.4665315667206,269524.3685724462,0.002918219001114735
183.5008132623069,282723.7840399876,0.0030605610426423
183.53509420002877,288847.221904403,0.0031262648681836774
183.56937435173347,273084.13553222915,0.002955105142745197
183.60365371727414,256204.10167109733,0.0027719248582282344
183.63793229650398,244091.01071863278,0.002640377881101311
183.67221008927626,240070.94522620967,0.00259640744014126
183.70648709544412,259066.74336641835,0.002801327390096397
183.74076331486083,281755.81745693344,0.0030460993914792974
183.77503874737948,279882.08512032067,0.003025277881050646
183.80931339285343,260853.36033701,0.0028190684250055643
183.84358725113574,247017.97896863904,0.002669050388697358
183.87786032207975,266239.04815425543,0.0028761994891466714
183.91213260553855,300828.1016814046,0.003249261892214765
183.94640410136552,290538.24758259463,0.0031375359064754267
183.98067480941376,262623.4022416145,0.002835553920262388
184.01494472953658,234512.3475841174,0.002531566342160504
184.0492138615872,225658.11611470816,0.002435531134557596
184.08348220541882,241606.36660284238,0.0026071753871595824
184.1177497608847,223091.84343421302,0.0024069370277337142
184.1520165278381,197257.49945187586,0.002127814376767584
184.18628250613224,197629.7250486387,0.002131432964859894
184.22054769562038,216963.47832355739,0.0023395119075154598
184.25481209615577,230007.78482864393,0.0024797071299975395
184.2890757075917,247648.73896123437,0.0026693973399551057
184.32333852978138,264810.4446475534,0.002853852197179932
184.35760056257814,252224.76993841142,0.002717711686032066
184.39186180583522,228036.0412018373,0.002456622571294389
184.42612225940582,229583.9796357143,0.0024728389867335787
184.4603819231433,257986.06439621645,0.0027782405014049405
184.49464079690088,262664.2874972027,0.0028280948313409763
184.52889888053193,239123.57903482483,0.002574155073938652
184.56315617388964,209219.19865472475,0.0022518176576541253
184.59741267682736,201525.46818044235,0.0021686078397897142
184.63166838919832,219595.12314935867,0.0023626162740809347
184.66592331085587,236345.7011282699,0.002542363471008129
184.7001774416533,230196.2571438513,0.002475754856557222
184.73443078144393,197951.40579969523,0.002128567554432265
184.76868333008096,175003.43622305902,0.001881459640114209
184.8029350874178,172296.1915709821,0.001852010769352876
184.83718605330776,181825.1835685448,0.0019540756853180883
184.87143622760414,201987.03812343048,0.0021703530201532015
184.9056856101602,234986.79850342078,0.0025244681361314756
184.93993420082936,268718.81368395494,0.002886317277890253
184.97418199946486,278918.69142592954,0.002995319803970066
185.0084290059201,263595.86695341964,0.0028302433291863397
185.04267522004832,226925.63782704493,0.002436062130795587
185.0769206417029,184002.12908545145,0.0019749098578410026
185.11116527073725,188025.64699339535,0.002017721266395118
185.1454091070046,216318.80260447602,0.0023209084887181727
185.1796521503584,221452.58877233407,0.002375550088291727
185.21389440065192,218384.8192631446,0.0023422086281410944
185.24813585773856,212229.3942696275,0.0022757700754058585
185.28237652147163,208358.80947988154,0.0022338522715055808
185.31661639170454,222281.65485245912,0.0023826812854078746
185.3508554682906,244633.38488732156,0.0026217895254123237
185.3850937510832,266926.4492931007,0.0028601808388145243
185.41933123993573,286923.2037014004,0.0030738831577647708
185.45356793470154,307313.1322683258,0.0032917179852874445
185.487803835234,323520.04168253165,0.003464675180596944
185.5220389413865,317726.5756040523,0.0034020032777238437
185.55627325301242,299137.21478676924,0.0032023699258506913
185.5905067699652,285966.08203320793,0.0030608035890563766
185.6247394920981,297628.3165180245,0.0031850414238082055
185.65897141926465,316876.40173058194,0.0033903977574353253
185.69320255131814,314659.5003296446,0.003366057548373417
185.72743288811202,286328.9534169261,0.0030624281220357954
185.76166242949972,255222.67923083215,0.002729228317618679
185.79589117533465,249042.80061347305,0.002662653049528829
185.8301191254701,270024.4112297172,0.0028864471948298327
185.86434627975964,283265.8478197996,0.0030274349647043445
185.8985726380566,270634.3134849777,0.0028919015145613303
185.9327982002144,252272.06115522113,0.002695192842478615
185.96702296608652,248502.66768918544,0.00265443326262264
186.00124693552632,260765.2565572048,0.0027849061593346464
186.03547010838727,274470.08382268756,0.0029307309669413446
186.0696924845228,278863.55143795244,0.002977095789101414
186.10391406378636,277440.21356162045,0.002961355849860849
186.13813484603133,269367.2437191149,0.0028746575705327296
186.17235483111125,265251.08492248494,0.0028302100658540853
186.20657401887945,270119.17932565464,0.002881622631031759
186.24079240918948,282826.5070098286,0.0030166296368060765
186.2750100018948,299924.570882564,0.0031984100772830823
186.30922679684875,313427.06238145824,0.0033417874454833873
186.3434427939049,309729.9089431007,0.0033017616899989
186.37765799291674,288767.88305260346,0.0030777386138120663
186.4118723937376,273950.09179307695,0.0029192720950957443
186.4460859962211,268280.79726730776,0.002858334240636684
186.4802988002206,268549.5368994152,0.002860672530824916
186.51451080558962,274967.56008505914,0.002928502025986544
186.5487220121817,275941.9620961442,0.0029383407912221085
186.58293241985027,262219.91046825255,0.002791710916220476
186.61714202844877,265464.03801508434,0.0028257312626613577
186.65135083783082,287584.69320256374,0.0030606334742409656
186.6855588478498,317148.3473996875,0.0033746475599730555
186.71976605835926,333403.72707495495,0.0035469645684267984
186.75397246921264,340041.6541905811,0.003616920524729338
186.78817808026355,351007.3884299026,0.0037328760241057525
186.8223828913654,354792.94476260553,0.003772443658359179
186.85658690237182,341903.89337939594,0.00363473145022884
186.8907901131362,341297.8277484938,0.0036276244336586627
186.92499252351217,350639.6282867792,0.003726235676622074
186.95919413335318,355708.96657233295,0.003779415847523382
186.99339494251277,355446.1267067762,0.003775932429316753
187.02759495084445,347137.0282747841,0.0036869898877789392
187.06179415820182,334842.9977403553,0.0035557631125453307
187.09599256443835,344434.3447377319,0.0036569469388197124
187.13019016940757,369641.24587416556,0.003923857804880612
187.1643869729631,370395.8853088305,0.00393115014759044
187.19858297495847,356772.32754179084,0.003785866531105826
187.23277817524718,347827.11840728053,0.003690270927013824
187.2669725736828,334590.9191033441,0.0035491933135856713
187.3011661701189,319787.43046697776,0.0033915451452018425
187.33535896440907,314923.8493798614,0.003339354218111214
187.36955095640675,336978.91069232626,0.0035725671491484935
187.40374214596568,370439.9654439139,0.003926596458748107
187.43793253293933,382332.49339418986,0.0040519158572292205
187.4721221171813,354424.04242251307,0.0037554602847936374
187.50631089854514,317365.6273008968,0.003362177930699251
187.54049887688447,328918.48283925233,0.003483933893193105
187.57468605205284,349765.2778325266,0.003704069781116965
187.6088724239039,340387.75490106613,0.0036041034606996564
187.64305799229115,343421.71218601626,0.0036355652322660977
187.67724275706829,350195.13185923186,0.003706595417560269
187.71142671808877,332111.02030349325,0.0035145463128295755
187.74560987520638,328247.39949119446,0.0034730273064550975
187.77979222827457,342452.0069477671,0.003622659833925795
187.81397377714705,348442.0740698529,0.0036853554609666815
187.84815452167737,338353.399772857,0.0035779997525646327
187.88233446171913,324410.9316259314,0.0034299376606106917
187.91651359712606,323841.6932090077,0.0034232964481068022
187.95069192775162,326094.370728586,0.0034464824174269175
187.9848694534496,320055.69411939615,0.0033820448094449983
188.0190461740735,316147.7724099382,0.003340142344927638
188.0532220894771,318078.25155280443,0.003359927379698282
188.08739719951382,322039.16300444247,0.0034011492248747412
188.12157150403746,323041.5272259112,0.003411115706424247
188.15574500290163,314379.3548072264,0.0033190456781225196
188.18991769596005,305294.783826986,0.003222550457976901
188.22408958306616,322199.0841509601,0.0034003669842830727
188.2582606640738,353070.50163802906,0.003725495876752425
188.2924309388366,376496.17455173074,0.003971955733837383
188.3266004072082,398345.4440656311,0.004201698464811665
188.36076906904225,394002.49929305,0.004155135741833352
188.3949369241924,357875.5791243821,0.0037734580923753135
188.42910397251234,363809.44823520834,0.0038353295363801163
188.46327021385576,392025.15758646454,0.004132034221506086
188.49743564807636,382196.6357442923,0.004027709207947771
188.53160027502776,371692.79639333714,0.003916306602292387
188.56576409456363,374189.92666965706,0.003941903070925625
188.5999271065378,366460.7963486759,0.003859781274374755
188.63408931080377,363760.9337845776,0.0038306508611378512
188.66825070721544,370795.94269199594,0.0039040272911488754
188.70241129562632,387618.8446285825,0.004080413044961067
188.7365710758902,388268.58405392134,0.00408651300776716
188.77073004786075,374666.03724391386,0.00394263311988088
188.80488821139173,368045.91349179606,0.0038722684726367885
188.83904556633686,360917.9926794261,0.0037965876517863156
188.8732021125498,358816.57694619504,0.003773799736478743
188.9073578498843,370273.75531276385,0.0038935947823347545
188.94151277819404,395879.51734997315,0.004162098348697819
188.97566689733281,416106.9917029189,0.004373970210119708
189.00982020715432,409286.7139859764,0.0043015004475738155
189.0439727075123,405512.7293747443,0.004261066878992877
189.07812439826043,406584.79784080904,0.004271560335835593
189.11227527925251,394738.5943110408,0.004146355785371834
189.14642535034233,386277.64253155346,0.004056748913594302
189.18057461138355,422143.8528725661,0.004432621245495052
189.21472306222995,493387.3576443064,0.00517976175907751
189.24887070273527,501826.9569262443,0.005267413161477326
189.28301753275332,438858.4730229958,0.004605635152407891
189.3171635521378,374198.5475836403,0.00392634812177742
189.3513087607425,357143.4782785028,0.0037467188654637
189.3854531584212,380708.34737032454,0.003993212998179758
189.4195967450276,414577.8279822352,0.004347682874032373
189.45373952041564,448991.50142750307,0.00470773093259083
189.48788148443893,457339.3392661887,0.004794395024935468
189.52202263695133,430053.6909075489,0.004507541055077216
189.5561629778066,397914.2986052065,0.00416992583284137
189.59030250685856,392210.51021345926,0.004109413111560347
189.62444122396093,403944.70020372863,0.004231596944043184
189.65857912896757,411516.7605439009,0.004310143502759927
189.69271622173227,420893.42569043493,0.004407559474249372
189.7268525021088,420232.3926998238,0.004399845416922293
189.7609879699511,396930.27670940507,0.0041551239965779705
189.79512262511278,375261.3468688034,0.003927583977264578
189.82925646744778,358983.404201329,0.003756539149503191
189.86338949680987,343682.97216797253,0.0035957830431954025
189.8975217130529,335261.2796441625,0.0035070406170061783
189.93165311603067,347724.9612956142,0.003636764788798431
189.96578370559695,371373.70999002486,0.0038834030460594762
189.96578370559695,372893.8195441534,0.0038992986194779757
189.99991348160572,390841.5838192898,0.004086241739763366
