wavelength(nm),countrate,irradiance (watts/m^2)
174.97733742225213,92397.35859912615,0.0010489491772971656
175.01180916202009,91908.13357268625,0.0010431896914098145
175.01180916202009,91668.49984000823,0.0010404697641310599
175.04628015227314,96312.5851400055,0.001092966493372162
175.08075039286368,101851.58852397374,0.001155596191492081
175.11521988364407,106212.35887638546,0.0012048357757825717
175.1496886244667,110263.00783130091,0.0012505387685866568
175.1841566151839,111514.46232311791,0.0012644831963340632
175.21862385564805,108608.92288066125,0.0012312944895547058
175.2530903457116,106409.563636247,0.0012061232011762089
175.28755608522695,105036.51867826084,0.0011903260207051943
175.32202107404643,106588.04388416013,0.0012076712232993545
175.35648531202253,107267.45643440014,0.0012151302839484045
175.39094879900756,106129.35569702726,0.0012020015966394332
175.42541153485394,107861.59281150569,0.0012213806059015388
175.45987351941412,113158.1415846805,0.0012811048895050847
175.49433475254045,119640.27532820607,0.0013542255298781118
175.52879523408544,125891.17167047501,0.0014247005694594337
175.56325496390141,123656.7653528237,0.0013991392890993542
175.59771394184088,115426.13378080593,0.0013057558668519377
175.63217216775612,110659.79136915575,0.0012515911075038065
175.66662964149972,110816.84500925693,0.0012531215738094718
175.70108636292406,114330.94245520377,0.0012926055939980528
175.73554233188153,117420.03785997,0.0013272700800374183
175.7699975482246,118933.91882634109,0.0013441188652350484
175.80445201180564,117687.94422785379,0.0013297769545026073
175.83890572247722,116882.49699799172,0.0013204172913692026
175.87335868009177,119187.47566844737,0.0013461927850710496
175.90781088450163,124247.6462028023,0.0014030712974876403
175.94226233555935,124476.81762430767,0.001405383980827281
175.9767130331173,120316.68329598609,0.001358148768886331
176.01116297702808,119432.13735005572,0.0013479000403719195
176.04561216714401,120800.23897253336,0.0013630735256102806
176.08006060331758,123154.98533704337,0.0013893719036535516
176.11450828540137,126604.84440003405,0.0014280120876348974
176.14895521324772,126726.44775480652,0.00142910416240525
176.1834013867092,129791.96661441361,0.0014633880931741677
176.21784680563823,141278.89227814347,0.00159259036919527
176.2522914698873,139406.6146648019,0.0015711776885884926
176.28673537930894,122737.02757262789,0.0013830333749975865
176.32117853375556,107761.81369545101,0.001214051490675685
176.3556209330797,109562.23888908305,0.001234094129458596
176.3900625771339,115317.62516273056,0.001298668390738862
176.42450346577058,115055.1450057466,0.001295459483489105
176.4589435988423,124436.77384608253,0.0014008181574999008
176.49338297620153,125401.88284269586,0.0014114071850518351
176.52782159770078,114262.11787589238,0.0012857774415471004
176.56225946319256,109447.12830563854,0.0012313547426837288
176.59669657252937,102596.46026004903,0.0011540549713430347
176.6311329255638,96961.30813190188,0.0010904553959008494
176.66556852214828,108719.31515875412,0.0012224510757342444
176.7000033621354,134557.1702141999,0.0015126797104646078
176.73443744537764,156800.03919040013,0.001762388618135012
176.7688707717276,159484.7089877738,0.0017922143776397
176.80330334103766,151656.30905648528,0.001703910587488927
176.83773515316057,141700.00620096485,0.0015917381287051011
176.87216620794874,134373.75553625898,0.0015091473822730305
176.90659650525473,131716.89926503238,0.0014790204047075727
176.94102604493105,128458.60494657885,0.0014421530550531047
176.97545482683037,127047.9848981042,0.001426039116078833
177.00988285080513,136255.4805646283,0.0015290903921874393
177.04431011670795,154440.52702355167,0.0017328301487098642
177.07873662439138,145772.7158110632,0.001635258911269209
177.11316237370792,138224.6862372184,0.0015502847310569876
177.1475873645102,155076.1557268965,0.001738947533549117
177.18201159665082,169201.2985884828,0.00189697129045918
177.21643506998225,159290.86780326,0.001785515302838885
177.2508577843571,155354.43199928978,0.0017410530176231323
177.28527973962807,176231.900322972,0.00197464278007207
177.31970093564757,185984.534993634,0.0020835145488263154
177.3541213722683,182474.19087375805,0.0020437927574764175
177.38854104934282,171023.2426248934,0.0019151653203824395
177.42295996672368,161793.17778899168,0.0018114530366399246
177.45737812426353,160910.600667608,0.0018012221946873028
177.49179552181494,142635.3847046857,0.001596341078161301
177.5262121592305,117941.33700305769,0.0013197153080616347
177.56062803636289,110012.94277220994,0.0012307612204934038
177.5950431530646,120924.3518417848,0.001352569601344229
177.6294575091884,130103.6154025655,0.001454960054588846
177.66387110458672,136269.0513865343,0.001523613479808926
177.6982839391123,133800.4755835511,0.0014957228131330519
177.73269601261777,130725.51131547177,0.001461065597223349
177.76710732495567,140283.0892577512,0.0015675832345201366
177.80151787597873,138350.1564985528,0.0015456846175401072
177.83592766553946,140219.7858079877,0.0015662694928050692
177.8703366934906,145183.91131396525,0.0016214055658238036
177.90474495968476,153200.22619498838,0.0017106004006238206
177.93915246397452,168736.95372880728,0.0018837158022906907
177.9735592062126,166958.58571705024,0.0018635024402591433
178.00796518625168,158381.89277291077,0.0017674322993220157
178.04237041611597,163574.640752894,0.0018250270329275573
178.07677517566,175507.18751219244,0.001957781943616324
178.1111791726804,177901.97254895465,0.0019841124350333315
178.14558240703005,172268.50593276057,0.0019209122412674573
178.17998487856156,156148.4601575415,0.0017408264729649647
178.21438658712748,144012.39255441003,0.001605217182548467
178.2487875325806,147136.1100115312,0.00163971881453623
178.28318771477356,151486.9710089177,0.001687880071527746
178.31758713355893,150703.19025640152,0.0016788231971505952
178.35198578878953,157942.5430393908,0.001759129742444923
178.38638368031795,168815.0916098752,0.0018798632669189987
178.42078080799698,167855.48131899058,0.0018688170445684711
178.45517717167914,161718.91241666424,0.0018001485894916973
178.48957277121727,161296.96856481864,0.0017951057978086913
178.52396760646394,164234.5341743139,0.0018274463974130174
178.558361677272,162128.98229397053,0.0018036703181271226
178.59275498349402,164385.7374321435,0.0018284243307815167
178.62714752498275,172440.92973485787,0.0019176510694873265
178.6615393015908,171003.50979664188,0.0019012999954401185
178.6959303131711,157848.16127524362,0.0017546946817853363
178.73032055957614,156025.34614870948,0.0017340979100095768
178.76471004065874,163691.3412801335,0.001818949378770157
178.79909875627166,166043.85931663561,0.0018447358508362538
178.8334867062675,165130.45713381763,0.0018342352419070884
178.8678738904991,159852.81638246024,0.00177527093130079
178.9022603088191,168235.41157883004,0.001868006063908446
178.9366459610803,186012.077844482,0.0020649928195842775
178.9710308471354,192875.42565145151,0.002140774151439647
179.00541496683715,183297.72149864133,0.0020340779506113306
179.0397983200383,169119.89966277743,0.0018763844563740345
179.0741809065916,176077.86827341522,0.001953207992242235
179.10856272634976,189756.4578824428,0.0021045386713808836
179.1429437791656,187650.41984424068,0.002080781741103755
179.1773240648918,185870.2320856772,0.002060646469087449
179.21170358338117,181616.28385158643,0.002013098898424018
179.2460823344864,171416.88534774035,0.001899680748966499
179.2804603180603,155470.67810477692,0.0017226308815153919
179.3148375339557,146844.48024372905,0.0016267398052703973
179.3492139820253,146699.1390664762,0.0016248182251143316
179.38358966212195,145081.4825698885,0.0016065933640646742
179.41796457409828,143546.91943399428,0.0015892954706801406
179.4523387178072,139534.04384289097,0.001544570558629983
179.48671209310146,151006.39857280228,0.0016712435427275068
179.52108469983392,156483.9330187779,0.0017315338405285475
179.55545653785717,152170.0896684131,0.0016834777598685245
179.58982760702418,163156.31290663962,0.00180467433924333
179.62419790718766,169753.09984075188,0.0018772822165891005
179.65856743820052,166180.16218763473,0.0018374178895541465
179.6929361999155,163426.95096118792,0.0018066306229508227
179.7273041921853,155161.49655038805,0.0017149307748061402
179.76167141486295,162023.81140192552,0.00179043451372573
179.79603786780115,168692.96628359397,0.0018637753014242074
179.83040355085262,171335.44506620907,0.0018926085273814762
179.86476846387035,171108.8298993616,0.001889744164050249
179.89913260670704,165699.4911539696,0.0018296532848899984
179.93349597921565,173552.5450180434,0.0019160006978984974
179.96785858124886,178516.77465672875,0.0019704289377201352
180.00222041265963,176107.03011828702,0.0019434596360526056
180.0365814733007,185327.9078928258,0.0020448278878125127
180.07094176302502,183960.85152547565,0.002029357073526239
180.10530128168526,186958.7279864447,0.0020620345737483213
180.1396600291344,197584.9628295298,0.0021788194583478534
180.1740180052253,186978.98790988812,0.002061471501317624
180.2083752098108,184654.42056779657,0.002035454657456589
180.24273164274368,185679.72169598597,0.002046366465221545
180.2770873038769,188679.52724049613,0.002079030885252805
180.31144219306324,195939.5805532272,0.002158616942095147
180.3457963101557,191212.36802235592,0.0021061371588194924
180.380149655007,181515.79559480873,0.001998952042639533
180.41450222747008,187099.73604888108,0.002060053146650735
180.44885402739777,197364.44276422833,0.0021726585489998556
180.48320505464304,203332.49209169875,0.002237930953529207
180.5175553090587,203553.7795056525,0.0022399401870908447
180.5519047904977,201320.83423299505,0.0022149470124856584
180.58625349881288,195658.49725899,0.002152240105460931
180.62060143385716,196313.69250185482,0.0021590365879706787
180.6549485954834,199091.99790352685,0.0021891757899999732
180.6892949835445,187185.11395112608,0.00205785883228085
180.72364059789334,181271.22125960566,0.001992464482127613
180.757985438383,203982.19954485254,0.002241668929684851
180.7923295048662,299807.64817026735,0.0032941198896544984
180.82667279719593,387921.0332872311,0.0042614513119258
180.8610153152251,322887.21058613865,0.0035463579839679683
180.89535705880664,205103.63377777758,0.002252281288835209
180.92969802779345,179612.9447206074,0.0019719889138638262
180.96403822203848,193780.7963597212,0.0021271354806801455
180.99837764139457,197366.0027419455,0.0021660793277806217
181.0327162857148,208353.88924083332,0.002286236943059574
181.067054154852,216965.8338107808,0.002380283072489592
181.10139124865918,221489.80130634492,0.002429453780888179
181.13572756698923,194786.0162607679,0.002136143136197844
181.17006310969515,186513.99123817973,0.002045039375738804
181.20439787662986,194640.05285676772,0.0021337334927813076
181.23873186764627,196737.63950816297,0.0021563196272140076
181.27306508259736,205968.09977380675,0.002257061425537391
181.30739752133613,213082.26443608012,0.002334578457122736
181.34172918371553,199725.04333764713,0.0021878193836836484
181.3760600695885,182002.3475841194,0.0019933048361765165
181.41039017880806,183037.1494440307,0.002004258714358287
181.44471951122716,184203.40022962517,0.002016647550919912
181.47904806669874,180367.91974194942,0.001974283419427995
181.5133758450758,198559.43945891023,0.0021729943567474286
181.54770284621137,205518.4867167712,0.002248727493491881
181.58202906995834,206587.87178549333,0.002260001103776517
181.6163545161698,213865.93704548612,0.0023391784763773923
181.6506791846987,276269.26644636126,0.0030211496825417795
181.68500307539804,445968.43252378923,0.004875977943504887
181.7193261881208,577090.3390354294,0.006308402286538338
181.75364852272,554691.4589110316,0.006062406246345216
181.78797007904865,370731.03858998726,0.004051077037390281
181.8222908569598,243249.99507331676,0.002657555904676213
181.85661085630642,216253.7783229642,0.002362170846677428
181.89093007694143,225483.30408830068,0.0024625215554510307
181.92524851871804,248799.10818744646,0.0027166427886415948
181.95956618148915,243388.65390335975,0.002657064704258675
181.9938830651079,222316.59063813035,0.0024265641479514688
182.0281991694271,210473.17079084134,0.002296861274622175
182.06251449429996,197747.9415670135,0.0021575860686768806
182.09682903957955,204250.8015533809,0.0022281174537192006
182.13114280511877,221071.38155872884,0.0024111543189601933
182.16545579077075,243795.00053213543,0.0026584926560715896
182.19976799638854,249377.2474233126,0.0027188528399193085
182.23407942182513,238687.74399231846,0.0026018198144229466
182.26839006693365,234036.8773153492,0.0025506427334886705
182.30269993156713,244375.5534333554,0.0026628171902909822
182.33700901557856,262085.52615926336,0.0028552550296684527
182.37131731882113,274115.27083210787,0.002985749647850141
182.40562484114778,268847.1567632003,0.002927816916153628
182.43993158241167,273463.42921617726,0.0029775293368442903
182.4742375424658,286998.1893852955,0.0031243112566936996
182.5085427211633,263796.00667155185,0.0028711885531680402
182.5428471183573,246037.42973643064,0.002677398747405958
182.57715073390077,253798.11833900472,0.002761332261840235
182.6114535676469,243509.06073511,0.0026488892842366687
182.6457556194487,221908.26875408474,0.002413462722160171
182.6800568891593,223898.9997008767,0.0024346565740012913
182.71435737663177,243120.36137692234,0.002643171556445113
182.74865708171922,249193.88971980722,0.002708693647525111
182.78295600427478,229047.73872814738,0.002489241348348051
182.81725414415155,203595.55091604756,0.0022122173595886287
182.85155150120264,216255.28066786224,0.002349334010239673
182.88584807528116,242536.31913496525,0.002634349400197225
182.92014386624018,253550.75647623578,0.0027534682350796105
182.9544388739329,248053.62095751232,0.0026932664088565924
182.9887330982124,243592.22314475983,0.0026443306751797384
183.02302653893176,241920.59134379827,0.0026256920970904297
183.05731919594425,234212.0294497137,0.002541550793563869
183.09161106910287,232989.7286274549,0.0025278134698558906
183.1259021582608,226486.14587899396,0.0024567929577368865
183.16019246327122,243520.7267203366,0.0026410798649778655
183.1944819839872,265786.0486729953,0.0028820166597912354
183.22877072026196,258538.40654371754,0.0028029031664583417
183.26305867194858,249738.94213032228,0.0027069986015406176
183.2973458389003,256416.57864685447,0.002778859690742064
183.33163222097014,250010.27243301345,0.0027089260071003476
183.3659178180114,244170.59855306905,0.002645156947641787
183.40020262987724,258571.95423532272,0.0028006465365899703
183.43448665642075,274399.73377760715,0.002971525020121914
183.46876989749512,269341.4136305329,0.0029162025162699293
183.5030523529535,282044.0566503041,0.0030531655557812405
183.53733402264913,289305.34688497847,0.0031311850557635052
183.57161490643517,274875.18270318373,0.002974450164296393
183.6058950041648,257430.82235427212,0.0027851630024978823
183.64017431569118,245660.2173131341,0.0026573198378356017
183.67445284086753,240016.2918078566,0.0025957846581369467
183.70873057954705,256542.05843108904,0.0027739937178804627
183.74300753158295,281824.41217849613,0.0030468037643046376
183.77728369682836,280699.55682244845,0.0030340769638613502
183.81155907513659,262618.69257640326,0.002838111873045907
183.84583366636076,247395.8879875008,0.002673101064902011
183.88010747035412,263290.2412468344,0.002844308557172393
183.91438048696983,299739.5222245648,0.00323746451175619
183.94865271606122,292191.8705500999,0.003155354885020856
183.9829241574814,265091.0370200282,0.0028621620651657904
184.01719481108364,237046.45696545535,0.0025588908235272666
184.05146467672122,226153.50745406802,0.0024408480499050625
184.0857337542473,241409.98820088632,0.0026050244045523695
184.1200020435151,225090.2294896689,0.0024284679000284525
184.1542695443779,198060.47390557875,0.0021364499144626028
184.18853625668893,197590.28779268736,0.0021309815595402944
184.22280218030144,216068.59836929574,0.0023298339263163738
184.2570673150687,229427.58727081772,0.0024734217633981407
184.29133166084392,247366.8202244748,0.002666325907955683
184.32559521748036,264349.13531909924,0.0028488458052232488
184.3598579848313,254482.79880519642,0.002742008280319166
184.39411996275004,229892.65263071097,0.002476593437609931
184.42838115108972,228382.66550116116,0.0024598695557960662
184.46264154970376,256619.6760866238,0.0027634920736342413
184.4969011584453,264820.1762704988,0.002851272258190275
184.5311599771677,241772.48879885362,0.0026026385829210786
184.56541800572418,210990.0906187712,0.0022708498658684712
184.59967524396814,201562.19373873164,0.0021689764574798587
184.6339316917527,217221.3642169504,0.002337048435836913
184.66818734893124,235639.63550521125,0.002534737268374383
184.70244221535705,232766.71939673377,0.0025033694162813532
184.7366962908835,200450.64156752467,0.0021554153540961725
184.77094957536366,175420.5356144549,0.0018859207387793015
184.80520206865103,171464.78596034733,0.001843051386492354
184.83945377059888,180389.08168776694,0.0019386181105701572
184.87370468106053,200456.67013629884,0.002153882769654817
184.9079547998892,231364.52646585763,0.002485523488468245
184.94220412693835,266710.3938180451,0.002864709615547081
184.97645266206118,279194.22590928053,0.002998241975503916
185.01070040511107,266496.45370310143,0.002861351959135002
185.04494735594128,229616.16774688507,0.0024649148855292713
185.07919351440518,186221.65107941002,0.0019987076229029746
185.11343888035617,186946.47158692603,0.0020061158915982103
185.14768345364752,214479.88182498046,0.002301150235595611
185.18192723413256,220695.3715223712,0.0023673982371068226
185.21617022166464,217922.87103508314,0.0023372254481626178
185.25041241609716,214092.33409573635,0.0022957184674454755
185.2846538172834,209494.94514946474,0.0022460053808302763
185.31889442507676,220407.22597184897,0.002362559867149174
185.35313423933053,243186.3769811397,0.0026062495828116468
185.3873732598981,264690.60855112004,0.002836188395750002
185.42161148663294,285305.8656511086,0.0030565186047631404
185.45584891938827,306817.47156246635,0.003286368402442693
185.49008555801754,322996.43148892745,0.003459025128552679
185.52432140237408,319993.7946864926,0.0034262369878142167
185.5585564523113,300521.17370538,0.0032171461109178115
185.5927907076826,286786.4924213434,0.0030695469781884164
185.62702416834125,296718.9422864589,0.0031752707596855115
185.6612568341408,316247.67301893036,0.003383629065236924
185.69548870493452,316880.6221662236,0.0033897761782139568
185.72971978057583,288818.9604432893,0.003089021928729046
185.76395006091815,256024.38813028525,0.0027377676909125263
185.79817954581492,248790.11644175535,0.0026599187034764687
185.83240823511946,267247.66734324826,0.002856729782493662
185.8666361286852,284497.2027360251,0.003040557746393462
185.9008632263656,272857.7371696914,0.002915624299642796
185.93508952801398,254531.94229274534,0.0027193031681381303
185.9693150334839,247989.94594964356,0.0026489238697102314
186.00353974262865,259717.7939452172,0.0027736853361208617
186.0377636553017,273171.32410888665,0.0029168271371745945
186.07198677135648,279857.3518844109,0.002987668580467609
186.10620909064647,277898.3640843283,0.0029662095016617027
186.14043061302502,270111.60005582776,0.002882565706788033
186.17465133834563,265842.6512654491,0.0028364870471834806
186.20887126646167,270629.26097581984,0.0028870285479712533
186.24309039722667,281854.61619669874,0.003006226348904032
186.2773087177594,299265.81050280813,0.003191345642233428
186.31152593496373,312568.291553832,0.0033325900282772073
186.3457423542604,311176.36237963446,0.0033171401394797516
186.3799579755029,291433.64656022633,0.0031061124568183677
186.4141727985446,274894.4995456788,0.002929299761811095
186.44838682323902,267463.0932141086,0.002849587041226144
186.48260004943964,268466.3893912128,0.00285975152731507
186.5168124769999,275582.96782155015,0.0029350201171766607
186.5510241057734,275555.8372787207,0.002934192969916979
186.58523493561347,264250.0331222248,0.0028132897963793957
186.61944496637366,264477.3269908093,0.0028151934789976555
186.6536541979075,286189.8426349532,0.003045751126280908
186.68786263006842,314705.2959968009,0.0033486107127038574
186.72207026271,333314.93144073454,0.0035459761441059825
186.75627709568556,340178.1618146551,0.0036183278633948484
186.79048312884882,351478.3934346176,0.003737838918265497
186.82468836205317,354566.3693647811,0.003769988003363895
186.85889279515217,343679.6128916922,0.003653563784115919
186.8930964279993,341137.2759102443,0.003625873197489771
186.9272992604481,350787.0158458576,0.0037277559571597795
186.96150129235207,357047.29553239973,0.0037935888085550346
186.99570252356472,355928.3353334366,0.003781008310537166
187.02990295393963,347512.9333566757,0.00369093687931083
187.06410258333028,335126.4796141358,0.0035587295455694833
187.09830141159026,342302.61326177034,0.003634268955706955
187.132499438573,367477.26851752534,0.0039008383681950953
187.16669666413222,369931.79264090915,0.003926176107677345
187.20089308812135,357582.8707961547,0.0037944207337178514
187.2350887103939,349222.8179144238,0.0037050328756392937
187.26928353080353,335449.4582706995,0.003558256409024229
187.3034775492037,321466.75471463084,0.0034093133537775313
187.33767076544805,314690.05317290797,0.003336833938091241
187.37186317939,334297.5452715477,0.003544096239766879
187.4060547908833,369828.5315462029,0.003920066994951317
187.44024559978143,383613.8305083914,0.004065445151426353
187.47443560593794,359099.2011593191,0.003804951089479587
187.50862480920645,318190.71893291426,0.003370877370167827
187.54281320944054,328066.1219885216,0.0034748627297342617
187.57700080649374,349562.73921522027,0.0037018791822042416
187.61118760021972,340803.953987404,0.0036084657418297586
187.645373590472,342732.99014561676,0.0036282294402557582
187.6795587771042,351660.4462529098,0.0037220589178029806
187.71374315996988,334883.5978782558,0.003543843227483063
187.74792673892273,328957.78058514965,0.0034805005550335604
187.78210951381624,341413.1989281381,0.0036116261393477674
187.81629148450412,349186.42733911274,0.0036931826614265764
187.85047265083992,339859.4097150083,0.0035938810683839558
187.88465301267723,323820.1739735652,0.003423649438264129
187.91883256986978,324164.64457050763,0.0034266680463555573
187.95301132227104,326764.7156586108,0.0034535246564993717
187.98718926973476,319792.8817832225,0.003379225956972196
188.0213664121145,315734.27582207514,0.003335732535270576
188.05554274926396,318266.10356380057,0.0033618702129838023
188.08971828103662,322745.5549142825,0.003408567571970626
188.12389300728628,323282.0161274085,0.00341361299274205
188.1580669278665,316261.6788870974,0.0033388770253981294
188.19224004263106,307037.8563668926,0.003240909530818649
188.22641235143337,320705.2109252478,0.0033845594456477376
188.26058385412722,350321.4336334903,0.003696442905633241
188.2947545505663,375145.332517377,0.003957655794270396
188.3289244406042,397416.72314228956,0.004191850702115654
188.36309352409464,396614.5300769512,0.004182630506078749
188.39726180089121,360901.1222002701,0.00380531261138734
188.4314292708476,361916.07815268403,0.0038153222842606796
188.46559593381753,392077.4292408854,0.004132534179322489
188.49976178965466,385451.3114620246,0.004061957885223453
188.53392683821264,373585.0967738764,0.00393619607497508
188.56809107934515,374137.4140326617,0.003941301239253663
188.60225451290597,369130.5379982958,0.0038878525904334485
188.63641713874864,363167.96271620377,0.003824359276865853
188.67057895672698,369468.750911988,0.0038900055822712674
188.7047399666946,387600.95498413587,0.004080174371853022
188.73890016850524,389118.7332458088,0.004095410258538427
188.77305956201263,375575.586713669,0.00395215559200925
188.80721814707042,368218.73220647254,0.0038740389179437317
188.84137592353238,362589.0104706055,0.003814118442675819
188.87553289125216,359146.7319561328,0.003777225479836514
188.90968905008356,367679.46719593194,0.0038662669665634774
188.94384439988022,394219.5197457624,0.004144594737905968
188.9779989404959,416186.45583306,0.00437475152271587
189.0121526717843,409704.20246560994,0.004305835010610911
189.04630559359921,406290.6491073132,0.0042691884590800025
189.0804577057943,409133.87642589415,0.004298287790111205
189.11460900822334,395751.91688049334,0.004156948482486743
189.14875950074008,387532.2503115944,0.004069874778936066
189.1829091831983,416886.6264879277,0.00437736497009738
189.21705805545164,490399.95526914153,0.0051483353785912985
189.25120611735392,504086.78174070694,0.0052910680577698144
189.2853533687589,444764.7152595588,0.004667561081583773
189.31949980952035,377839.3154806936,0.0039645006349647485
189.353645439492,357939.0593910084,0.003755018804895161
189.38779025852764,379750.33012496465,0.003983115294640078
189.421934266481,412035.8812410576,0.004320972124019729
189.45607746320593,448042.47315544594,0.004697722282853588
189.49021984855617,458751.01935341017,0.004809134649895324
189.52436142238543,432009.8875817349,0.004527988749709266
189.5585021845476,401312.910805905,0.004205489546095463
189.5926421348964,392630.93244569376,0.004113767349261462
189.62678127328562,402340.5103624546,0.004214739946790735
189.6609195995691,410012.07518883847,0.004294330738070552
189.69505711360057,420918.48874695896,0.004407767538607559
189.7291938152339,421939.7346445832,0.004417666820957255
189.7633297043229,399419.7449440157,0.004181132515923023
189.79746478072133,377543.73029781884,0.003951423240357583
189.831599044283,359484.0401165311,0.003761731573082895
189.86573249486176,344873.6855036168,0.003608196354549521
189.8998651323114,336125.313395111,0.0035160355557180005
189.93399695648574,347230.3521725591,0.0036315469859315597
189.9681279672386,370643.7031969066,0.0038757216388078425
