wavelength(nm),countrate,irradiance (watts/m^2)
174.97768911244563,91985.87723719764,0.0010442756998702107
175.01216092149897,91793.87767653399,0.0010418907526254181
175.01216092149897,91953.43729596146,0.001043701806871974
175.04663198103594,96812.28819209413,0.0010986349739505051
175.08110229090883,102385.45254288492,0.001161651015284638
175.1155718509701,106523.2157112564,0.001208359598069735
175.1500406610721,110351.52218753783,0.0012515401313312458
175.18450872106715,110660.86635214859,0.0012548015910589
175.21897603080762,107832.75506297825,0.001222492652692064
175.25344259014602,106060.39974010334,0.001202163107986736
175.28790839893472,105445.34826373485,0.001194956678943391
175.32237345702603,106330.74001299596,0.0012047534797344013
175.3568377642724,106792.97857537602,0.0012097529471858921
175.39130132052625,106129.14517066776,0.0012019967963409007
175.42576412563992,107924.37047699375,0.0012220890182358735
175.46022617946588,113032.2083514771,0.0012796765810647586
175.4946874818565,120366.8295011258,0.0013624467629314596
175.5291480326642,125154.62153330549,0.0014163622422400958
175.56360783174145,122283.39545835856,0.001383597238879777
175.59806687894064,113745.06197963686,0.0012867361889491666
175.63252517411414,109977.75631060281,0.0012438746129867695
175.66698271711445,110681.70538187797,0.0012515908935874036
175.701439507794,113776.39533333776,0.0012863333960210653
175.73589554600514,117833.72580646562,0.0013319435693234115
175.7703508316004,118385.9972412825,0.0013379238993769947
175.8048053644321,116752.8944879863,0.0013192090101524507
175.83925914435284,116089.27890874869,0.0013114536997270777
175.873712171215,119330.21840509346,0.0013478023196759332
175.90816444487098,124567.03816087323,0.0014066752160890052
175.9426159651733,123720.64526706708,0.0013968437400675318
175.9770667319744,119553.59720592183,0.0013495322515559918
176.01151674512673,118449.08903440846,0.0013368027612664533
176.04596600448272,120828.64182744469,0.0013633912745680782
176.08041450989487,122735.96324934399,0.0013846419265718978
176.11486226121568,125586.57455942722,0.0014165238850775373
176.14930925829756,125820.24956871461,0.0014188820420359737
176.18375550099302,130676.35550425496,0.001473356505306921
176.21820098915455,141607.5870203059,0.0015962924282264194
176.25264572263458,136320.01173961832,0.0015363871433142974
176.28708970128568,120252.40914837769,0.001355033312197148
176.32153292496025,107050.8695639223,0.001206039524542811
176.3559753935108,110391.29140827457,0.0012434299648718314
176.3904171067899,114824.98473073081,0.0012931178404761744
176.42485806464995,114391.52154451911,0.00128798484900268
176.45929826694353,124786.32687432088,0.0014047503463123709
176.4937377135231,123884.4087610708,0.0013943251029520426
176.52817640424118,112206.47009015533,0.001262642954148367
176.56261433895025,108715.2092309636,0.0012231176961844858
176.59705151750288,101337.84867477992,0.0011398952039233961
176.63148793975154,97083.09301695084,0.001091822830070564
176.66592360554876,110770.4946987337,0.0012455122444507102
176.7003585147471,137493.73015606517,0.0015456891487988442
176.73479266719906,156757.36140087474,0.0017619053904220062
176.76922606275718,158132.6390083984,0.0017770168775344153
176.8036586871737,150167.62300379048,0.0016871812987223657
176.83809021593427,140031.0880979391,0.0015729877547082344
176.87252098722124,133558.10237523788,0.0014999837987727832
176.90695100088726,131133.94243242324,0.0014724715586425202
176.9413802567848,127364.50191554612,0.001429867138284517
176.97580875476655,126830.15633357037,0.001423591271201952
177.01023649468493,138121.70380531042,0.0015500304825483845
177.04466347639257,154834.79078545969,0.0017372503397522288
177.079089699742,143788.903780977,0.0016130015559830556
177.1135151645858,139333.70187710854,0.001562719989891865
177.14793987077655,157406.88387686986,0.0017650796572749887
177.18236381816686,168799.31888291112,0.001892460802012267
177.21678700660925,156765.52022169606,0.0017572048121955906
177.25120943595624,156660.50437904723,0.0017556866531564675
177.2856311060606,177496.94184754606,0.0019888133726733083
177.32005201677472,185548.58482912756,0.002078626648133851
177.35447216795131,180779.96654380023,0.002024812680350293
177.38889155944295,168406.52783759442,0.0018858589019665872
177.42331019110222,161166.17827090676,0.0018044295237780376
177.4577280627817,159377.11997833484,0.0017840529992633016
177.49214517433404,138801.6937276242,0.00155343226633996
177.52656152561178,114791.25672448528,0.0012844646707389454
177.5609771164676,110125.13682209393,0.0012320139605686003
177.59539194675403,121566.08897379173,0.001359744923710191
177.6298060163238,131365.1515069493,0.0014690650403514863
177.6642193250294,136640.89790419268,0.0015277680718775205
177.69863187272355,131769.48115595104,0.0014730159386728138
177.7330436592589,131637.99017754509,0.0014712611226292305
177.76745468448794,140759.9208271367,0.001572908480917759
177.80186494826347,137357.21839052945,0.0015345882542747253
177.83627445043797,140365.79173273893,0.0015678973366251292
177.87068319086418,145933.58997560668,0.0016297747591151413
177.90509116939475,155377.44786688237,0.0017349074080105188
177.9394983858822,168902.24987765076,0.0018855574406325985
177.9739048401793,164260.09532866068,0.001833379773242792
178.00831053213872,157093.31894727357,0.001753049306295835
178.04271546161303,163962.97909878587,0.001829356237363059
178.077119628455,175716.07612294142,0.001960108303771454
178.1115230325171,177908.90452964732,0.0019841859156612142
178.14592567365213,169877.865090447,0.001894251302778085
178.18032755171282,154227.36077992996,0.0017194057238131071
178.21472866655168,142999.25555160444,0.0015939213106942408
178.2491290180215,147060.8501659466,0.0016388769616962522
178.28352860597496,150825.8112214046,0.0016805101624868164
178.31792743026463,150319.781868342,0.0016745488583537204
178.35232549074334,158177.5871050457,0.0017617442566571979
178.38672278726366,169245.58514088334,0.001884653503144565
178.4211193196784,166247.75313165147,0.001850913909860035
178.45551508784013,160132.24227176516,0.0017824834455601362
178.48991009160162,161384.68559152106,0.0017960786235733267
178.5243043308155,163641.20684543875,0.001820840978272283
178.55869780533462,160823.46659222356,0.001789143205607445
178.59309051501157,164550.45780478086,0.0018302530385900877
178.62748245969908,172538.21526999818,0.001918729347816925
178.66187363924985,169480.23250186635,0.0018843599330688394
178.69626405351664,155239.47228612148,0.001725692370957556
178.73065370235219,157344.73010750755,0.001748758556144186
178.7650425856091,162963.2587662772,0.001810855507461667
178.79943070314025,165917.50865297398,0.001843328681452613
178.83381805479826,164211.31184833663,0.0018240221850274669
178.86820464043592,158884.21385754694,0.0017645106987651355
178.90259045990595,168890.64611993032,0.0018752780161933231
178.93697551306113,186977.25373930336,0.002075703791768165
178.9713597997541,191195.13286643772,0.0021221202474495464
179.00574331983773,179794.29187207768,0.001995196290029705
179.0401260731647,167354.9364332511,0.0018567987989228075
179.07450805958777,177962.74539612175,0.001974113072851481
179.1088892789597,189147.50428774836,0.0020977811034736714
179.14326973113333,185881.11271724233,0.002061158839584862
179.1776494159613,184330.79558186623,0.0020435758275137656
179.21202833329644,180937.7329662999,0.002005573966960463
179.24640648299146,169634.37046455606,0.0018799231156435927
179.28078386489918,154030.47337388998,0.0017066701870071224
179.31516047887243,145606.18583318,0.0016130191029760002
179.34953632476387,146092.00135155205,0.0016180907483332786
179.38391140242643,143781.3279319235,0.0015921929451318346
179.41828571171277,142122.90426124758,0.0015735265139980171
179.45265925247577,138610.3274778713,0.0015343427499036248
179.48703202456812,153313.59927785533,0.0016967751599474264
179.52140402784278,154614.4893404984,0.0017108449356472615
179.5557752621523,152932.54617400063,0.0016919099134248886
179.59014572734972,164125.73788551253,0.001815393947232679
179.6245154232877,169009.7705001018,0.0018690585093527642
179.65888434981912,166010.91320180395,0.00183554330251328
179.6932525067968,160823.28368572902,0.001777844817153762
179.72761989407348,154127.99120871155,0.0017035049091951504
179.76198651150213,162733.26538313838,0.0017982711407340236
179.79635235893545,168753.59388853406,0.0018644418739199177
179.83071743622625,170833.57511852038,0.0018870614691952835
179.86508174322742,169699.70068527092,0.0018741783263945956
179.89944527979176,164959.87810679484,0.0018214833140159882
179.9338080457721,173621.8847337958,0.0019167628762838988
179.96817004102135,177379.18604589405,0.001957869096198369
180.0025312653923,176169.59665755526,0.001944146742512933
180.0368917187378,185371.50085168466,0.002045305349101716
180.07125140091068,182531.2951591001,0.002013583514911452
180.1056103117638,187940.25277191753,0.0020728566044393376
180.13996845115,197518.8360635502,0.0021780865325798917
180.1743258189222,184423.531988723,0.0020332937411985177
180.20868241493324,183961.1756696257,0.0020278095283814816
180.24303823903588,184118.66194109232,0.0020291586559762777
180.27739329108317,187712.1391199503,0.002068367872670563
180.31174757092788,195156.63058557402,0.0021499877385171558
180.34610107842292,188188.7751346704,0.002072829840903775
180.38045381342113,180831.25876683687,0.001991410187653106
180.41480577577542,188121.87370211777,0.002071303861882278
180.44915696533863,197994.76321019162,0.0021795936833573604
180.48350738196368,201673.5135730028,0.0022196680809123018
180.51785702550347,202362.83491475362,0.002226831109643402
180.55220589581094,199923.7526408314,0.0021995725471532085
180.58655399273894,193500.4605413424,0.0021284981968725473
180.62090131614036,196552.6238321341,0.002161660739712563
180.65524786586812,196827.9298576429,0.0021642769652772363
180.68959364177508,185714.9590237297,0.002041693000885312
180.72393864371418,181081.60375499065,0.001990376995975761
180.75828287153846,210677.3842549647,0.002315242067292498
180.79262632510063,315490.90130279696,0.003466433071649411
180.82696900425375,386980.6397446761,0.004251113788848177
180.86131090885075,304667.5956481099,0.0033462415326196144
180.89565203874452,195793.12659773213,0.002150037365522544
180.92999239378796,181978.86192885437,0.0019979613105717713
180.96433197383408,193167.53610861182,0.0021204002692983798
180.9986707787357,198673.23007757874,0.002180422533330231
181.03300880834587,208690.11835664132,0.0022899226360944104
181.06734606251743,217832.26061613747,0.0023897845922384972
181.10168254110351,216958.44766163203,0.0023797469231598223
181.13601824395693,191740.28196282135,0.00210273836814116
181.17035317093064,186468.6973429637,0.0020445394757955013
181.20468732187769,194399.21338553523,0.0021310898960063556
181.23902069665093,197144.42124488304,0.0021607746668306713
181.27335329510333,206633.10616901898,0.002264345168822245
181.3076851170879,211953.6734222192,0.002322209669991298
181.34201616245764,197067.76441947962,0.002158707718303455
181.37634643106554,179975.84448617452,0.001971107293795809
181.4106759227645,183544.63100349897,0.0020098124770748685
181.44500463740755,181786.62341726891,0.001990185698884147
181.4793325748477,180952.89518448923,0.001980683378180607
181.51365973493787,199823.5845056815,0.0021868254842988366
181.54798611753108,205460.8851246185,0.002248093724775706
181.58231172248028,205673.53452069935,0.0022499950624915556
181.61663654963854,216001.39099939127,0.0023625315328071996
181.65096059885892,291623.12131311605,0.0031890472176099166
181.68528386999427,468215.44222784624,0.005119206818748508
181.71960636289768,583098.0553884418,0.006374065177843065
181.75392807742216,537587.5143052496,0.005875462546901581
181.78824901342074,343178.669400108,0.003749999189274439
181.82256917074642,235229.93876839333,0.0025699312168632423
181.85688854925223,214814.46255848775,0.0023464454124186534
181.8912071487911,228272.82559546028,0.002492982349833189
181.92552496921618,249481.18980739536,0.002724086312976961
181.9598420103805,238429.9563639939,0.002602926845552681
181.99415827213707,220060.2921741412,0.002401933235651714
182.02847375433888,207812.1021814353,0.002267818022066955
182.062788456839,196081.16200929298,0.0021393969692830857
182.09710237949054,206063.57160100513,0.0022478891038739263
182.13141552214645,222566.60882455096,0.002427458646120593
182.16572788465984,245059.54296229882,0.0026722780235019163
182.20003946688374,248314.46599923098,0.0027072617575757923
182.23435026867122,235695.60681204582,0.0025692001536870364
182.26866028987536,232923.50953105534,0.002538504970103205
182.30296953034923,245011.942487367,0.0026697476006962797
182.33727798994582,264312.21966983157,0.002879509190805271
182.37158566851832,272289.46323291137,0.0029658580137689873
182.4058925659197,266456.0621399076,0.002901773001809537
182.44019868200309,274482.23309950635,0.002988617919809461
182.4745040166215,284520.14152197115,0.0030973302817034016
182.50880856962812,259468.54089849652,0.0028240837636906023
182.54311234087598,245074.81459095227,0.002666919618490634
182.57741533021826,253045.11195250502,0.002753135536513733
182.61171753750796,238898.47318221963,0.0025987315994384337
182.6460189625982,218843.1592457367,0.0023801233197737045
182.68031960534208,224850.2299090293,0.00244499664523162
182.7146194655927,244861.20247089138,0.002662093925877827
182.74891854320316,246549.82005204834,0.0026799492421479506
182.78321683802656,224289.9941763103,0.00243753172987892
182.8175143499161,200895.07419550171,0.0021828715609922295
182.85181107872486,219111.10068152085,0.0023803554229922257
182.88610702430597,244392.40806707632,0.002654505866670962
182.92040218651246,252939.0715498317,0.002746821682023157
182.95469656519757,247261.02481052213,0.002684656937465241
182.9889901602144,242921.02321608644,0.00263704071769818
183.02328297141602,239650.21035476588,0.0026010468074062106
183.05757499865567,232371.84983007723,0.00252157856899202
183.09186624178645,231659.88243259388,0.0025133818497278223
183.1261567006615,226523.07788640392,0.0024571901596987847
183.160446375134,247033.19314717085,0.0026791702568052366
183.19473526505706,266453.6554809993,0.0028892517732878108
183.22902337028387,255330.39557119022,0.0027681202069436564
183.26331069066757,249168.45190230926,0.0027008111652183646
183.29759722606133,255555.23101481522,0.0027695212221477594
183.33188297631818,248326.01584419666,0.002690672970837751
183.36616794129154,243259.28662204256,0.00263528089860197
183.40045212083447,260192.63571001764,0.0028181966404537072
183.43473551480014,272374.2719700531,0.002949586921310641
183.46901812304174,268615.7341639665,0.0029083415338843665
183.50329994541235,284389.43136909354,0.0030785504046989803
183.5375809817653,287202.299745277,0.003108419352060126
183.57186123195376,271515.7663014944,0.002938093661466223
183.6061406958308,254003.424757252,0.0027480780584596197
183.64041937324973,242750.97047785443,0.002625846853655193
183.67469726406375,240251.74796656327,0.0025983276670926534
183.70897436812604,259338.21359530286,0.002804224870750482
183.7432506852898,281327.60108601925,0.00304142871467426
183.77752621540822,277908.76730121684,0.003003907401066706
183.8118009583346,258995.7085090382,0.0027989547160232283
183.84607491392202,246452.79883044763,0.00266290753607657
183.88034808202383,268599.0871897609,0.0029016559020226054
183.91462046249308,299801.1127815001,0.0032381255216498484
183.94889205518322,288927.55956164503,0.003120099811726982
183.9831628599473,259569.98083827243,0.0028025481241182176
184.01743287663868,231715.81137082734,0.0025013438457833124
184.05170210511054,226937.18056086125,0.002449302981403462
184.08597054521607,241567.76165961308,0.0026067235647808393
184.1202381968086,220089.13813389573,0.002374508759396752
184.15450505974135,195895.15815893546,0.0021130902617448096
184.18877113386748,198594.4681120172,0.002141808762139801
184.22303641904037,217140.2631188878,0.002341386542752122
184.25730091511326,230222.58372476013,0.0024819893451160633
184.29156462193936,249284.11936683327,0.0026869887606612935
184.32582753937194,264368.27323873376,0.002849048460429506
184.3600896672643,249292.92958079142,0.0026860849586755886
184.39435100546973,226056.8697937362,0.0024352681669831512
184.4286115538414,230823.06343075022,0.0024861515471375347
184.4628713122326,258567.0455350403,0.0027844594838241405
184.49713028049672,261362.83047218874,0.002814044129408386
184.53138845848704,236436.26880965565,0.0025451919560606317
184.56564584605673,207749.22676420526,0.0022359662483044268
184.5999024430592,202021.39774227803,0.002173915198015685
184.63415824934762,219748.7869550165,0.002364237654556537
184.66841326477538,235876.84609005667,0.002537285800073237
184.70266748919576,228693.4258705013,0.002459558785955808
184.73692092246213,195280.6692051535,0.002099820871927023
184.77117356442756,173222.51630302856,0.0018622878943571515
184.80542541494566,171203.91124013576,0.001840245055999773
184.8396764738696,182119.4325688658,0.0019572116093647305
184.87392674105268,202789.29783889226,0.002178943956058835
184.90817621634827,235580.8687393825,0.002530816156126276
184.9424248996097,270222.0921220729,0.002902424950420472
184.97667279069023,277673.8302653756,0.002981911033244995
185.01091988944327,261062.02181987916,0.0028029995560237522
185.04516621047952,222384.57980957787,0.0023872814277456993
185.07941209313597,182729.9482007691,0.0019612290351602164
185.1136571831615,189538.6993160262,0.002033930595927132
185.1479014804094,216334.99635258256,0.0023210509879321465
185.18214498473304,220377.72325017457,0.002363988045797381
185.2163876959857,217587.9306864996,0.0023336304687744717
185.25062961402085,211918.19196799645,0.002272402412440713
185.28487073869175,208370.1616848622,0.0022339439078367554
185.31911106985177,221903.97512223618,0.0023786008412036647
185.35335060735426,245538.65987895802,0.0026314561317292598
185.3875893510526,267527.5312411888,0.0028665829867577145
185.42182730080023,287278.1652373977,0.003077644522980555
185.4560644564504,308312.1643148631,0.0033023744448459
185.49030081785656,323044.6107335627,0.0034595370737213363
185.52453638487208,317294.1381290256,0.0033973272931701087
185.5587711573503,296489.2157566461,0.003173979430356672
185.59300513514467,284360.3206177228,0.0030435755430158985
185.62723831810845,299393.8961547181,0.0032038924782931506
185.66147070609523,316776.4851605384,0.0033892830812726903
185.6957022989582,314047.9186523131,0.003359469953387804
185.7299330965509,282431.91295699304,0.0030207067054681936
185.76416309872667,253340.5023454401,0.002709064756553282
185.79839230533898,249668.65979385446,0.0026693085195273946
185.8326207162411,269955.84273409925,0.002885675380380683
185.8668483312866,282982.66731797927,0.0030243677287296574
185.9010751503288,268426.5966473441,0.0028682720299148517
185.9353011732211,250565.466521714,0.0026769241032111382
185.96952639981703,247019.6290828487,0.0026385563558379414
186.0037508299699,260766.93267375955,0.002784886570500834
186.0379744635332,272854.11625590915,0.0029134368021463
186.07219730036036,277585.2162361124,0.0029634086259620563
186.10641934030483,275405.05904541543,0.00293959333928689
186.14064058321998,268333.84304027096,0.0028635906834332666
186.17486102895933,264914.2664068572,0.0028265781858620525
186.20908067737625,270191.3117072984,0.002882353335537643
186.24329952832423,282696.7202464277,0.0030152047404127017
186.27751758165678,299755.73722648376,0.0031965665957929394
186.31173483722725,313731.6648603483,0.003344990115148698
186.34595129488915,307461.7906931798,0.0032775391289623793
186.380166954496,287089.2578831951,0.0030598063428835436
186.41438181590115,272074.6690363127,0.00289924815118533
186.44859587895814,266979.19553900795,0.0028444283423055025
186.48280914352043,267230.20335252496,0.002846580262957423
186.51702160944146,274386.7229798305,0.0029222765660016515
186.5512332765748,274637.49449772766,0.002924410928981047
186.58544414477387,261188.70678927423,0.0027806948258926
186.61965421389215,264760.5855872158,0.0028182054272632272
186.6538634837832,288983.0364213957,0.00307547400585797
186.6880719543004,316522.21518012194,0.0033679398015171755
186.72227962529735,332870.34231034864,0.0035412424050181913
186.75648649662745,339960.8564758829,0.003616012426102521
186.79069256814427,351402.1658441993,0.003737024076711084
186.82489783970132,352518.8302375017,0.0037482129881706828
186.85910231115213,340467.735363477,0.003619415136004804
186.89330598235017,341199.42251854343,0.0036265296738875554
186.927508853149,350661.09369426995,0.0037264136249025967
186.96171092340208,355434.8211360322,0.003776452208540904
186.99591219296295,353998.9542221701,0.0037605083782304215
187.03011266168517,343969.3596928095,0.0036532964666211366
187.06431232942225,332716.06681182655,0.003533129256150165
187.09851119602774,343372.5804313369,0.00364562484110965
187.13270926135513,368583.4431565193,0.0039125762271748675
187.16690652525804,367603.1382818206,0.0039014571579598545
187.20110298759,355407.0589402978,0.0037713283029224215
187.2352986482045,345640.24216118746,0.0036670199046991052
187.26949350695511,331798.2695421979,0.003519522736488017
187.30368756369543,317468.6043039048,0.003366907223215056
187.33788081827902,314624.01273429196,0.003336129933887452
187.3720732705593,337597.7815593463,0.0035790800846372825
187.40626492039002,371017.90676557657,0.00393266959150577
187.44045576762468,380701.0389812431,0.00403457157849618
187.47464581211685,350683.0504997804,0.003715770891809714
187.50883505372008,314459.1261117655,0.003331341552254825
187.54302349228797,330188.6569675022,0.0034973406106175685
187.5772111276741,349385.15269297507,0.003699994387340332
187.61139795973213,337366.98597661144,0.003572070781726465
187.6455839883155,344039.23219846364,0.003642053456043383
187.67976921327795,347881.31457346666,0.0036820555487747423
187.71395363447294,329669.1413923841,0.003488658302414735
187.7481372517542,327758.01619525097,0.0034678026954532855
187.78232006497527,341517.91191211034,0.003612729790761024
187.81650207398977,347730.22614107555,0.0036777769739747375
187.8506832786513,336753.0769427831,0.003561028814722816
187.88486367881342,322154.7765388791,0.003406037892941802
187.91904327432988,324816.3929942808,0.0034335536754338844
187.95322206505412,324355.4121309942,0.0034280572644274218
187.98740005083997,317838.6621097646,0.0033585721072437974
188.02157723154093,314678.2396785415,0.003324571786026704
188.05575360701067,316639.84319970565,0.0033446881449293543
188.08992917710276,321717.93728155305,0.003397710927635585
188.1241039416709,321230.3794856717,0.003391945462034582
188.15827790056875,312355.6557435214,0.003297636175881449
188.19245105364993,305155.5014062352,0.0032210368965410164
188.22662340076803,322012.69610625727,0.0033983541678704655
188.26079494177677,353457.4588071004,0.0037295287289307757
188.29496567652984,377472.04863969045,0.003982197393759616
188.32913560488083,397037.2023002475,0.004187842916994769
188.36330472668342,390414.0951807603,0.004117237140135236
188.39747304179127,355406.80739366263,0.0037473767930796932
188.431640550058,364606.7583418374,0.00384368314729261
188.46580725133742,393150.5847391072,0.004143840696197478
188.4999731454831,380897.84919204045,0.004013968149004063
188.5341382323487,370964.71117903467,0.003908582583906809
188.56830251178795,373057.73658372014,0.003929923113141573
188.6024659836546,365164.38057763164,0.0038460748840103234
188.6366286478022,362099.3386435621,0.0038131017995775324
188.67079050408458,369994.90544907417,0.0038955409091002645
188.7049515523553,386973.5318896104,0.004073565084741932
188.73911179246818,386134.6620323484,0.004063998846186257
188.77327122427687,372493.6975541795,0.0039197206932565076
188.80742984763506,366719.1216079917,0.0038582571495113767
188.8415876623965,361216.88883793604,0.0037996806658863263
188.87574466841488,358262.9518307095,0.003767926344321339
188.90990086554396,369344.4850191183,0.0038837708057861283
188.94405625363737,396783.38142836787,0.004171545011044534
188.9782108325489,414921.2159497919,0.004361447040318545
189.01236460213227,407162.06375420716,0.004279113303714742
189.04651756224126,404422.6655574331,0.004249555445782439
189.08066971272945,406120.1460278573,0.004266621290221844
189.11482105345075,391771.97230644355,0.004115138828775764
189.14897158425882,386833.65631320665,0.004062533569654362
189.18312130500743,425133.94781660987,0.004463957934651059
189.2172702155503,495852.3459337454,0.0052055700359538186
189.25141831574118,497759.04023370385,0.005224644050650531
189.28556560543387,432712.8316095353,0.004541078099096863
189.3197120844821,368616.3622260968,0.003867723933573859
189.3538577527396,356979.75766458147,0.0037449508927000987
189.38800261006023,380890.82656781486,0.003995073224307405
189.42214665629763,414620.02181368,0.004348066828865844
189.45628989130572,449812.76836962416,0.0047162785279912705
189.49043231493815,454210.5227571075,0.004761530812947654
189.52457392704875,425630.8411163953,0.004461123586682699
189.55871472749132,395734.49929143157,0.004147026893320647
189.59285471611963,390346.4513751779,0.0040898272483672156
189.62699389278745,402836.6237885096,0.004219932278417569
189.6611322573486,410120.9221545929,0.004295465948853372
189.69526980965688,420242.8508373208,0.004400687470005035
189.72940654956605,417750.23523718776,0.004373798277047029
189.76354247693,394248.17944297456,0.004126991855068726
189.79767759160248,372920.23829208355,0.0039030287775862903
189.83181189343728,357203.5911754905,0.0037378641896815635
189.86594538228826,341963.69120265834,0.003577746903777962
189.90007805800917,334858.3585871765,0.003502778659832608
189.93420992045392,349024.67649002624,0.0036503090320508633
189.96834096947626,372804.6847740483,0.0038983140716640384
