wavelength(nm),countrate,irradiance (watts/m^2)
175.00866314804446,91677.00724259777,0.0010405850317138535
175.04313351864667,97126.72638583469,0.001102225277169568
175.07760313959983,102330.36575793341,0.0011610492129317843
175.11207201075632,106329.08856719942,0.0012061815988180333
175.14654013196852,110264.95032520204,0.001250583279717453
175.1810075030888,111700.55437964831,0.0012666160974232786
175.2154741239695,108629.88099903305,0.0012315542292338408
175.2499399944631,106281.49600648072,0.0012046932453166463
175.284405114422,105465.27261144358,0.0011952063583583745
175.3188694836985,106671.53777522955,0.001208638958061532
175.35333310214511,107196.74157461581,0.001214351052211768
175.38779596961416,106576.06442654769,0.001207082636220738
175.42225808595808,107810.5303029246,0.001220824340468125
175.45671945102927,113034.70333413006,0.0012797304041717152
175.49118006468015,120280.57051902625,0.0013614975977745821
175.52563992676318,125489.23560583724,0.0014201774194926118
175.56009903713073,123873.33096449904,0.0014016148596189605
175.59455739563526,115281.58472934418,0.0013041441018589474
175.6290150021291,110384.62410477643,0.0012485013370346556
175.66347185646484,110412.42917191237,0.0012485708667254215
175.6979279584948,114419.06585111037,0.0012936251558830932
175.73238330807146,117487.8276112559,0.001328060222036196
175.76683790504723,119123.3479542483,0.001346283878919965
175.8012917492745,117615.73016293417,0.0013289848848206313
175.83574484060586,116359.01365843695,0.0013145271491914448
175.87019717889368,119727.86532683932,0.0013523206606951535
175.90464876399037,124133.20192225429,0.0014018041299164185
175.93909959574847,124368.25939804745,0.0014041835645664416
175.97354967402038,120016.04731312938,0.0013547795083399795
176.0079989986586,119283.1810091983,0.001346243132984875
176.04244756951556,120453.76261782652,0.001359188423526332
176.07689538644374,123565.28790479808,0.0013940257875498215
176.11134244929562,126368.26118712955,0.0014253692206661463
176.1457887579237,126668.0233052572,0.0014284709834805225
176.1802343121804,129767.1528834699,0.0014631346228019795
176.21467911191826,141172.35950151764,0.0015914180676776827
176.2491231569897,138772.5836722461,0.0015640599785924616
176.2835664472473,121716.44402154208,0.0013715578240348079
176.31800898254346,108188.61636687949,0.0012188817875214543
176.35245076273068,109621.14870033364,0.0012347798779602755
176.38689178766157,114963.94491446746,0.001294708636182955
176.4213320571885,115092.13179598033,0.0012958992300901358
176.45577157116404,124449.68110361365,0.001400988642147161
176.49021032944069,125257.52862854338,0.0014098078107375083
176.52464833187094,113593.99207379782,0.001278282083168909
176.55908557830733,109348.65073369292,0.0012302689182479253
176.59352206860234,102722.08447411719,0.0011554888247869337
176.62795780260853,97098.30596809165,0.0010920157439550551
176.66239278017838,109032.04810655213,0.0012259895153167685
176.6968270011645,134959.12439867173,0.0015172257172324857
176.73126046541933,156742.32532032023,0.001761771599988482
176.76569317279547,159995.3588716262,0.0017979851421903524
176.80012512314536,151469.2963396661,0.0017018400278404492
176.83455631632168,141268.42379482382,0.0015869186231197339
176.86898675217685,134993.03922986938,0.0015161297917385015
176.90341643056348,132100.09015328297,0.0014833498365333909
176.93784535133406,128190.93540766339,0.0014391739074768102
176.97227351434128,126508.45793044913,0.001420008768394062
177.00670091943755,136632.86125258822,0.0015333530087737648
177.04112756647552,155021.8816451829,0.001739384242741743
177.0755534553077,146113.48726182568,0.001639111104695395
177.10997858578665,138848.58090882367,0.0015573101322509894
177.14440295776495,156318.80875632397,0.0017529135421898358
177.17882657109524,169653.54041700825,0.0019020757137563034
177.21324942562998,159031.26562253415,0.0017826374276451132
177.24767152122178,155620.3044040135,0.0017440639939543315
177.28209285772334,176433.04147610685,0.001976932063339063
177.3165134349871,186111.0392549841,0.002084969207745994
177.35093325286573,182754.64916442626,0.002046970812453869
177.3853523112118,170728.14557142387,0.0019118951106398224
177.41977060987787,161374.24637040074,0.0018067951164145637
177.45418814871658,160874.50345397668,0.0018008504970670413
177.48860492758052,142190.53827526723,0.0015913910702824608
177.52302094632228,117103.7744969394,0.0013103668814554742
177.5574362047945,109556.81142040352,0.001225680319397026
177.59185070284977,120760.33441426464,0.001350759306004147
177.62626444034075,130941.64445153187,0.0014643581296970409
177.66067741711996,136725.11865023646,0.0015287402124420444
177.69508963304008,133063.4592744177,0.0014875106274596808
177.7295016530484,130990.2252047519,0.0014640505092756513
177.76391293567244,140477.5977926846,0.0015697849643549425
177.79832345722326,138339.40737317668,0.001545592293892444
177.83273321755334,140719.87829972373,0.0015718838131824656
177.86714221651545,146191.7962822251,0.0016326908895894254
177.9015504539622,154170.8738034334,0.00172146935184772
177.9359579297461,168840.3506293393,0.0018849039259492928
177.97036464371993,166803.15548445098,0.001861801029801274
178.00477059573635,158375.79136982656,0.0017673959301655216
178.03917578564787,163911.72069027572,0.0018288206995209497
178.07358021330728,174897.08724268345,0.0019510112817041044
178.1079838785671,178579.13373242403,0.001991700437003449
178.14238678128007,172452.5811024241,0.0019229993012283932
178.17678892129888,156436.89876135773,0.0017440734235355233
178.21119029847608,144217.72238694684,0.001607534698616123
178.24559091266445,146819.69809575076,0.0016362219901647202
178.27999076371663,150804.7977221132,0.0016803093727350553
178.31438985148517,150631.1186591105,0.0016780504123959463
178.34878817582296,157912.524652254,0.0017588269375869556
178.3831857365825,169055.63428151974,0.0018825756113963685
178.41758253361658,168367.84552331062,0.0018745550477241616
178.4519785667778,160905.51290016604,0.001791126464844213
178.48637383591895,161200.84325218896,0.0017940681539760275
178.5207683408926,163954.70008392486,0.0018243653624182988
178.55516208155157,162261.83350749308,0.0018051806230228542
178.5895550577485,164272.4927785103,0.0018271974755424054
178.62394726933607,171750.89988226636,0.0019100117251037523
178.65833871616695,170333.6064334805,0.0018938856123196523
178.69272939809397,157190.64659193932,0.0017474168222996493
178.72711931496977,156109.84361458616,0.0017350681091521795
178.76150846664703,164137.99833244536,0.001823945328301949
178.79589685297856,165951.67671659208,0.001843744725954462
178.83028447381702,165634.2058444817,0.0018398637242546183
178.86467132901512,159549.79804588223,0.0017719374387339887
178.89905741842563,167819.74282148585,0.0018634240364687933
178.93344274190125,187063.7544716311,0.0020767050690591996
178.9678272992947,192423.6156452511,0.0021357976258958972
179.00221109045876,182508.75584008874,0.0020253589494164622
179.0365941152462,169233.30843164673,0.0018776763301419377
179.07097637350972,177319.69042127873,0.0019670185572747295
179.10535786510204,189941.57728723355,0.0021066294764881784
179.13973858987595,187316.37257504853,0.002077114785565498
179.1741185476842,185271.3747528275,0.002054043996946903
179.20849773837955,182184.52332179106,0.0020194335898031613
179.2428761618147,171424.8008197715,0.0018998024517656099
179.27725381784248,155621.77312369866,0.001724335870061836
179.3116307063157,145993.40776402934,0.0016173405679055963
179.34600682708702,146135.9648365981,0.0016186095339158204
179.38038218000932,144285.13672370286,0.0015978034137373017
179.41475676493525,143262.89371252424,0.001586179207994399
179.44913058171772,138790.04148538408,0.0015363622988625214
179.48350363020947,151187.32564222623,0.0016732758404682819
179.5178759102633,156653.80755190612,0.0017334445285813074
179.5522474217319,152567.55618041198,0.0016879051514720547
179.58661816446815,163922.87053992058,0.00181318564769078
179.62098813832483,169233.25610618183,0.0018715667614457678
179.6553573431548,166575.0448315709,0.00184181693014607
179.68972577881078,163340.86239691175,0.00180571120359566
179.7240934451456,154955.51836829472,0.0017126847862243052
179.75846034201214,162620.16583105395,0.0017970565936814328
179.7928264692631,168924.40639085867,0.0018663656635450742
179.82719182675135,170959.8098791857,0.0018884929075366312
179.8615564143297,171336.27410687885,0.0018922898749025815
179.89592023185097,165601.18533164397,0.0018286004447591762
179.93028327916804,173154.48124685022,0.0019116402505623372
179.9646455561337,177760.2908078443,0.0019621140654640283
179.99900706260075,176057.0909571859,0.0019429432086768303
180.0333677984221,185428.84482438868,0.0020459781031672104
180.06772776345053,182879.01774806302,0.0020174588743819707
180.10208695753886,186407.8464468111,0.002055995397705163
180.13644538053995,197016.32505944555,0.002172587716056909
180.17080303230674,186729.50893785452,0.002058757693953809
180.20515991269207,184342.0422482666,0.0020320475520597217
180.2395160215486,185894.3686599614,0.0020487686292083944
180.27387135872945,188425.30309672933,0.002076266666567502
180.30822592408734,196281.08913307768,0.0021624178276811075
180.3425797174752,190744.23463621887,0.002101018306909072
180.3769327387458,182278.7290448512,0.0020073896865038647
180.41128498775214,187299.74434697683,0.0020622921047358804
180.445636464347,197725.78488626244,0.0021766751446824586
180.47998716838325,202347.4690055483,0.0022271292381660537
180.51433709971386,203291.98531417432,0.0022370992418597664
180.54868625819168,201972.76722549633,0.0022221592408559533
180.58303464366958,194676.57924531514,0.002141477194901304
180.61738225600047,196788.0047200065,0.0021642915959283276
180.65172909503724,198930.2256401767,0.002187435957431825
180.68607516063275,187506.27575357462,0.00206142632588294
180.72042045263993,182139.904320224,0.0020020483893396536
180.75476497091176,206137.56766259216,0.002265395778135566
180.78910871530104,303882.1142356355,0.0033389473422136403
180.82345168566076,387565.24376196816,0.004257618678768025
180.8577938818438,318837.0467936802,0.0035019363096036337
180.8921353037031,202813.53336808193,0.002227172934805716
180.92647595109153,180113.83864908924,0.001977523496219894
180.9608158238621,193373.32289034995,0.002122700435263647
180.9951549218676,197297.3626595872,0.002165364562077589
181.02949324496112,208395.84519619567,0.00228673803191328
181.06383079299547,217637.02955261222,0.002387689114832673
181.09816756582376,220014.9658533735,0.0024133197207267328
181.13250356329874,193458.05913696086,0.0021216177047537893
181.16683878527346,186697.20894309433,0.002047084705292011
181.20117323160085,194327.4508777633,0.002130344517380529
181.23550690213384,197664.05804068476,0.0021665120789186158
181.2698397967254,205957.77343376327,0.0022569884236232824
181.30417191522844,213654.52825434678,0.002340889957900292
181.33850325749606,199427.9686048213,0.0021846040429466126
181.37283382338111,182114.79446394072,0.0019945718424108127
181.4071636127366,183827.8057937313,0.0020129522120932775
181.44149262541546,183574.43718695664,0.002009797445072064
181.47582086127073,180566.39828573627,0.00197649108688911
181.51014832015537,198462.49411311524,0.0021719720267457925
181.5444750019223,205304.526299839,0.0022464263372357976
181.57880090642456,206163.19975982094,0.002255395432547948
181.61312603351516,213830.25747448963,0.00233882980371241
181.64745038304707,280226.6542359167,0.003064480269170285
181.68177395487328,451022.39088559285,0.00493132283954372
181.71609674884672,579933.0028409989,0.006339589231168195
181.75041876482052,550718.4231188871,0.0060190905844181705
181.78474000264765,365433.1419921887,0.003993256460489196
181.81906046218108,240776.56855545304,0.002630579951428474
181.85338014327382,215922.68855109895,0.0023585962067590254
181.88769904577887,226569.47982963844,0.0024744277239709335
181.92201716954932,249985.16255853546,0.0027296418255024556
181.95633451443817,242924.81657762246,0.002652048111088513
181.99065108029845,221510.17250590815,0.002417805109013286
182.0249668669831,210998.30527549336,0.0023026328745217213
182.05928187434523,197016.10304087176,0.002149639300951392
182.0935961022379,205005.8276983497,0.00223639353713347
182.12790955051412,221783.2472867171,0.002418961351291169
182.1622222190269,244622.06991785474,0.0026675588873551234
182.19653410762933,249142.16783395395,0.002716338080952497
182.23084521617443,238121.79461334745,0.0025956967408064225
182.2651555445153,233040.958931486,0.0025398338234832157
182.29946509250496,243963.05539798632,0.002658369611927316
182.3337738599964,263561.68771535414,0.0028713878167154153
182.36808184684284,274038.3623972993,0.002984964893645549
182.40238905289718,269097.954093303,0.002930600153105573
182.43669547801258,273616.88834819896,0.002979253079018661
182.47100112204214,285874.7430108601,0.0031121364256111715
182.50530598483886,262393.5018940034,0.0028559741665733188
182.53961006625582,245525.55717584034,0.0026718758904284456
182.5739133661462,253814.0306583448,0.002761554354938533
182.60821588436303,242737.6542115031,0.002640544747891856
182.64251762075935,221491.77483694835,0.0024089756631481283
182.6768185751883,224544.4194904734,0.002441718091425343
182.711118747503,243413.10412270034,0.0026464011235349492
182.74541813755644,248583.86298063523,0.0027021106552537364
182.77971674520185,229170.63193672136,0.0024906210637004322
182.81401457029227,202816.85127426166,0.0022037952596523688
182.84831161268085,216727.05035574027,0.0023545008965616945
182.8826078722207,243761.27864098665,0.0026477014153413383
182.91690334876483,253864.2692165326,0.0027569217086513874
182.9511980421665,247833.47496407994,0.0026909238189222495
182.98549195227878,243668.3317095775,0.0026452037290483946
183.01978507895473,241120.854619572,0.0026170584814020235
183.05407742204758,234544.50442265975,0.002545203717427901
183.0883689814104,231724.65459008157,0.0025141326146407177
183.12265975689638,226234.06355673334,0.002454101963991497
183.15694974835864,244711.9168085329,0.0026540457867240894
183.1912389556503,267173.0025573203,0.0028971072014233883
183.22552737862452,258010.23360601364,0.002797226577096278
183.25981501713443,249998.52395066686,0.0027098602532097268
183.2941018710332,255998.49991720344,0.002774377952661828
183.32838794017394,250462.82840472955,0.0027138775936128108
183.3626732244099,244462.40469047797,0.002648365013334606
183.39695772359423,258157.74034631025,0.0027962095733691174
183.43124143758,273273.9896117293,0.002959386485964141
183.4655243662205,268651.52808458684,0.0029087844711471406
183.49980650936877,283448.60080606706,0.003068424213685416
183.5340878668781,288897.74290108273,0.003126828813993126
183.56836843860165,273336.1521647,0.0029578484799281557
183.60264822439257,256922.3495398834,0.0027797109525084943
183.63692722410406,245460.42302900425,0.002655205601128253
183.6712054375893,240198.66308828717,0.0025978029396715443
183.70548286470148,258017.28564994715,0.0027899946985560707
183.73975950529385,282812.05701373453,0.003057535240842953
183.7740353592195,280659.0462436419,0.003033692707413212
183.80831042633181,262023.12021949346,0.0028317255888458564
183.84258470648382,247553.37339272338,0.002674849957858463
183.87685819952884,265911.95856257295,0.0028726815728117674
183.91113090531994,300758.9692530444,0.0032485328823561328
183.94540282371054,291322.7677788745,0.0031460251009753255
183.97967395455368,264175.3430684772,0.0028523257954799464
184.01394429770272,236122.8070054588,0.00254896514765528
184.04821385301082,225525.69255022425,0.0024341151106769313
184.0824826203312,242160.68132725888,0.0026131711895271757
184.11675059951713,224871.16737844265,0.0024261473129203043
184.15101779042183,197799.492874832,0.002133672425428777
184.18528419289854,197534.96399146732,0.002130422515756753
184.21954980680047,216004.0208338676,0.0023291787174827263
184.25381463198096,229945.29671978398,0.002479046867873158
184.28807866829314,247834.6399696412,0.0026714156134777576
184.32234191559036,264324.8240334996,0.002848634084319065
184.35660437372584,252409.07352377204,0.002719712245854096
184.3908660425529,228512.01162468645,0.002461763474565427
184.42512692192463,229653.94270856646,0.00247360590583915
184.45938701169447,256214.86384059198,0.002759181403076597
184.49364631171562,263167.95008682687,0.0028335330179422662
184.52790482184142,241126.51459264007,0.0025957305725482233
184.56216254192503,209459.13343282748,0.002254412202904551
184.59641947181984,201200.25083708408,0.0021651198375981506
184.63067561137908,218105.7123918521,0.0023466043735284286
184.66493096045602,235867.21756780214,0.0025372300724637005
184.69918551890402,230846.2951102068,0.002482759331786267
184.73343928657636,199597.95093924698,0.002146284341177619
184.76769226332624,175158.52318695464,0.0018831370788388302
184.80194444900707,171441.22905897556,0.0018428306607594005
184.83619584347213,180760.18837056833,0.0019426405864776558
184.8704464465747,200687.11208297173,0.0021563968451831918
184.9046962581681,232606.70063606132,0.0024989120651261326
184.93894527810565,268424.0678781293,0.002883166820921744
184.97319350624068,280191.16075987415,0.0030090009867450827
185.0074409424265,264506.7936512055,0.0028400391668968188
185.04168758651642,228525.9942732795,0.002453255159741961
185.07593343836376,185030.69368498647,0.001985960118716749
185.11017849782192,187699.82419882578,0.0020142355680055255
185.14442276474418,215630.31044299924,0.002313533904857549
185.1786662389839,221728.2329196704,0.0023785196215517714
185.2129089203944,217919.62101867053,0.002337231745862149
185.24715080882908,213571.01484647143,0.0022901686674308475
185.28139190414117,209694.99650345228,0.0022481897201148144
185.31563220618415,220417.00820519196,0.002362706314927526
185.3498717148113,243982.99133006047,0.0026148329935963012
185.38411042987596,265532.8281340712,0.0028452629461613796
185.4183483512316,286668.5067506474,0.0030711708028236142
185.4525854787315,306903.87346805976,0.003287351713406943
185.48682181222904,322877.7323455399,0.0034578147998613955
185.5210573515776,320001.0177003793,0.003426374608506385
185.55529209663055,300115.24943384953,0.003212857121912214
185.58952604724132,286551.8996222026,0.0030670900247476767
185.62375920326315,297915.8913365341,0.0031881357152925365
185.65799156454963,316568.7602319494,0.003387124044170397
185.69222313095398,315664.52010199276,0.0033768265183387394
185.72645390232967,287017.3426596047,0.0030698069627142456
185.76068387853007,255705.40161759444,0.0027344047223903513
185.79491305940863,248363.62492822492,0.002655405589398643
185.82914144481867,269004.432905069,0.0028755591850122084
185.86336903461367,284401.9285922419,0.003039592934852655
185.89759582864704,271689.75366659,0.002903194825913558
185.93182182677208,252998.3074512269,0.002702966016108629
185.96604643755992,247084.60029949728,0.002639299738149004
186.0002702272868,260481.02012904128,0.0027818851949872585
186.03449322043897,273695.71007369884,0.0029224777211664596
186.0687154168699,278721.58739610674,0.0029755958323059717
186.10293681643307,277380.8518669632,0.002960737778986177
186.13715741898184,269921.66107293137,0.00288058937771511
186.1713772243697,264525.83712461963,0.002822486544943581
186.2055962324501,269600.48440288124,0.0028761043131102556
186.23981444307645,282898.2090660586,0.0030174102561493403
186.2740318561023,298390.18642792385,0.0031820640368033885
186.30824847138098,312887.4735165499,0.0033360518185079897
186.34246428876605,310616.26226104173,0.0033112277208351276
186.37667930811097,289399.50397982105,0.0030844867370484093
186.41089352926917,274974.24414062174,0.0029302010732415317
186.4451069520941,267490.49181639845,0.0028499290835280323
186.4793195764393,267685.1700991419,0.0028514800023210314
186.5135314021582,275867.77407743805,0.0029381050524835916
186.54774242910435,275803.2163549779,0.002936878792668035
186.58195265713118,263719.4871778626,0.0028076908266745876
186.61616208609215,264768.89857861993,0.0028183466521127464
186.65037071584084,287499.2591717704,0.003059740305548812
186.68457854623068,316270.9413213623,0.0033653291076518013
186.7187855771152,333010.75554270804,0.0035428024865599684
186.75299180834782,340571.5617885178,0.0036225760144895595
186.7871972397822,351643.46475343494,0.0037396601744209383
186.8214018712717,354673.3828680796,0.003771192183079092
186.85560570266998,342109.2824490028,0.003636934009935725
186.88980873383042,342114.16575691587,0.0036363203127944884
186.92401096460665,351684.57151973125,0.003737359878822963
186.9582123948521,355699.892311669,0.003779339278927158
186.99241302442033,356180.7657395821,0.0037837564269227702
187.02661285316492,347261.6298728859,0.0036883326661518116
187.06081188093933,334974.2349077937,0.0035571754246557213
187.09501010759715,343627.9679777107,0.0036484045899854186
187.12920753299187,367534.8964756237,0.003901518732323571
187.1634041569771,370468.50167406484,0.00393194149920712
187.1975999794064,357276.71688450326,0.003791238734182092
187.2317950001332,348126.37875569146,0.003693465323616247
187.26598921901117,334883.93962383445,0.003552320199926886
187.3001826358938,321477.929907211,0.0034094918496259444
187.33437525063474,315689.47246875684,0.0033474902243655403
187.36856706308737,335071.9042271724,0.0035523681915803
187.40275807310547,370011.7023954487,0.003922077543254938
187.43694828054254,383785.7455308509,0.004067338614417625
187.4711376852521,356775.4884323936,0.0037803959459759453
187.50532628708777,317683.79498903477,0.0033655662785512844
187.53951408590314,327514.28600431577,0.0034690787315589194
187.57370108155177,350439.3870380332,0.0037112281925203595
187.60788727388731,341090.4143550368,0.003611562344449514
187.64207266276324,343007.98704416765,0.0036312044816055487
187.6762572480333,350472.4564918965,0.003709550203694783
187.71044102955094,333059.6076248719,0.003524603193136386
187.74462400716988,328164.41973285313,0.003472167570326843
187.77880618074366,341532.57580183214,0.0036129525194892186
187.81298755012597,347473.1483265986,0.0036751267553376547
187.8471681151703,339103.808775243,0.003585953963962689
187.8813478757303,323969.73171224946,0.0034252909208176
187.91552683165972,324431.0757724885,0.003429544757969928
187.94970498281197,326219.8105306765,0.0034478262920649627
187.98388232904085,319622.89525546343,0.003377489137302313
188.01805887019995,316461.2288284403,0.0033434716096198873
188.0522346061429,317062.36662544275,0.0033492139608411013
188.08640953672324,322587.0188875797,0.003406953180329764
188.12058366179474,322879.6644262357,0.00340942444006033
188.154756981211,314768.45083626756,0.0033231709919271856
188.1889294948257,307075.23688762984,0.0032413611172122784
188.22310120249236,321447.1478015569,0.0033924491471569547
188.25727210406478,352384.33412202133,0.00371827516432659
188.29144219939656,376068.8882206404,0.003967468786110192
188.3256114883414,398129.9666689854,0.0041994476875425795
188.35977997075292,395205.5717392219,0.004167845184928818
188.3939476464848,359685.5926947544,0.003792562881496513
188.42811451539066,363105.4006576317,0.003827927470182316
188.4622805773243,393717.1443641798,0.004149889937952091
188.4964458321393,384518.58397416875,0.004052199912313029
188.53061027968937,372876.56666751305,0.003928799918220792
188.56477391982816,375279.47521875345,0.003953401677689883
188.59893675240946,368059.8175409043,0.0038766434653809143
188.63309877728682,363150.3318317132,0.003824240887314428
188.6672599943141,369748.3449885761,0.0038930178125269914
188.70142040334483,387063.7196634655,0.004074590712842466
188.73558000423282,389279.7390566122,0.004097176892750509
188.76973879683177,375085.160710194,0.003947064307553318
188.80389678099533,368123.047672148,0.003873100351358241
188.8380539565773,361696.7282396961,0.0038047993474323192
188.87221032343132,358097.7482132348,0.003766259339627105
188.90636588141118,369190.04257720744,0.0038822194422176953
188.94052063037051,395579.26649998414,0.00415896348601159
188.97467457016313,416396.35867253254,0.0043770349180149125
189.0088277006427,409322.2608765989,0.004301896626077992
189.04298002166306,405336.25786207063,0.004259234908433918
189.07713153307776,408560.3518697674,0.004292337950899714
189.1112822347407,394639.62983464013,0.0041453380246184186
189.1454321265056,386336.56504153,0.004057389032808126
189.17958120822618,419828.5751569082,0.004408333370373687
189.21372947975618,493262.50050760986,0.0051784781556076034
189.24787694094937,503627.01453776076,0.005286335176793041
189.2820235916595,441740.1438183795,0.004635901419290652
189.31616943174038,374656.9229702942,0.003931178354047785
189.3503144610457,357825.65594701376,0.003753895163269891
189.3844586794293,380155.0295941516,0.0039874302399262335
189.41860208674484,412026.8503559924,0.004320953429409682
189.4527446828463,447897.13082905114,0.004696280983279063
189.48688646758725,458337.72402093874,0.004804886556181873
189.52102744082157,430676.8958660289,0.004514096785086464
189.55516760240303,399339.6173527344,0.004184884374730695
189.58930695218544,392650.0991228765,0.004114040538344353
189.62344549002253,404209.45191927947,0.0042343926344485285
189.65758321576817,411256.73491617444,0.004307442665555079
189.6917201292761,420315.12025635276,0.00440152662265405
189.72585623040015,421114.7822242338,0.004409107213591186
189.75999151899418,398254.14259699726,0.004169004309460753
189.79412599491195,375698.66350565775,0.003932181696449696
189.82825965800725,359025.7844235803,0.0037570023606362086
189.86239250813395,343924.84043996775,0.0035983324851012236
189.8965245451458,334863.51321871724,0.003502898127867384
189.93065576889668,347523.5272154429,0.0036346771282231797
189.96478617924038,372571.00408054236,0.003895943441163841
189.96478617924038,371051.71505231614,0.0038800563644457867
189.9989157760308,390904.00256351253,0.004086915787352837
