wavelength(nm),countrate,irradiance (watts/m^2)
174.97462359682004,92588.03346924814,0.0010511301331967789
175.0090948019457,91505.75499027659,0.0010386386616103595
175.0090948019457,92225.76637417845,0.0010468111711995052
175.0435652575681,96345.98760093028,0.001093362506005693
175.0780349635396,101996.79376787841,0.0011572616218231237
175.1125039197126,106688.83164228419,0.001210259486472933
175.14697212593944,110188.9072012762,0.001249717745030432
175.1814395820725,111496.08866759554,0.001264294462721279
175.21590628796412,108597.83903923698,0.0012311879277519982
175.25037224346684,106328.50098194588,0.0012052230707427563
175.28483744843294,105277.82339214406,0.001193079109782306
175.31930190271487,106636.48351635762,0.0012082387966479036
175.353765606165,106784.25238577035,0.001209675289604363
175.38822855863575,105957.08405249695,0.0012000690921940543
175.42269075997947,107854.66476541403,0.0012213210977185193
175.45715221004866,112877.84305551385,0.0012779513473804897
175.49161290869566,120518.57983429999,0.0013641883432352312
175.52607285577298,124870.02412587295,0.001413166239971601
175.56053205113292,123445.3007612579,0.0013967682938307606
175.59499049462804,115349.59605904596,0.001304910273994175
175.62944818611058,110112.3071128338,0.001245418233662768
175.6639051254332,110730.27247509651,0.0012521620284390608
175.69836131244813,114328.83848312804,0.0012926018545735439
175.73281674700792,118172.34671877969,0.0013357946020934083
175.767271428965,119039.97214941296,0.0013453382810705208
175.80172535817167,117635.9914800146,0.0013292105466911313
175.8361785344806,116900.16205836431,0.0013206373354433614
175.87063095774414,119716.51218205021,0.001352189092317685
175.9050826278147,124159.18808324035,0.001402094126683156
175.9395335445448,124205.45414301193,0.0014023419481126588
175.97398370778683,120474.0124130721,0.0013599458105209097
176.00843311739337,119104.59722305795,0.0013442243011928267
176.04288177321675,120832.19995030327,0.0013634553102829913
176.07732967510947,123896.54419572138,0.0013977594721801716
176.11177682292407,125824.83274339247,0.0014192361258299412
176.14622321651296,125958.9446356465,0.0014204710000116593
176.18066885572867,130390.89841351444,0.0014701637754777426
176.21511374042365,140686.05055581362,0.001585932057079243
176.24955787045036,138452.2703684718,0.0015604459842925701
176.28400124566136,121477.9468287635,0.0013688669498381615
176.31844386590902,107450.65595168945,0.0012105647429716106
176.35288573104594,109872.17559106673,0.0012376044089640818
176.38732684092463,115383.68759630097,0.0012994325173490131
176.4217671953975,115254.25668275107,0.0012977215017480892
176.45620679431715,124079.14566705501,0.0013968139051145144
176.490645637536,124928.24707218257,0.0014060981884818867
176.5250837249066,113814.46324061835,0.0012807599035062215
176.55952105628148,109671.11415022945,0.0012338938731806645
176.59395763151312,102205.9624395495,0.0011496802926636354
176.6283934504541,96828.39771504785,0.0010889775358393573
176.66282851295682,109326.42575080534,0.001229296555070279
176.69726281887398,135410.56894524224,0.0015222971531032962
176.73169636805795,156865.30665856475,0.001763149551949528
176.7661291603614,159902.9684090946,0.0017969424507227483
176.8005611956367,151107.2226152374,0.0016977677448812294
176.83499247373658,140283.63422659395,0.0015758522436340456
176.86942299451346,134788.8750546148,0.0015138330553227995
176.90385275781992,132085.05153738763,0.001483177309937071
176.93828176350846,128460.24400126887,0.001442193823884356
176.97271001143176,127019.02320711767,0.001425736150656017
177.00713750144223,137470.34927033086,0.0015427478560481613
177.04156423339256,154552.20705878412,0.0017341100994054527
177.07599020713522,146011.87213295916,0.0016379671392225757
177.11041542252278,138289.10222547178,0.0015510312564262793
177.1448398794078,155934.35175763493,0.0017485980406384868
177.17926357764296,169110.7430036148,0.0018959854480193454
177.2136865170807,157776.68671180384,0.0017685700489560522
177.24810869757363,156040.0792765007,0.0017487641711578259
177.28253011897445,176648.08506977026,0.0019793367446253344
177.31695078113557,186666.2889024097,0.002091184413946855
177.35137068390972,182024.25395454624,0.0020387848829359415
177.3857898271494,170466.07505423896,0.001908955611750626
177.42020821070722,161475.71531282982,0.0018079267343382352
177.45462583443583,160793.6961446286,0.0017999414898398833
177.48904269818777,142130.8951796231,0.0015907196235705812
177.52345880181568,117421.49321691132,0.0013139188471094816
177.55787414517215,109923.74953501852,0.001229782451518221
177.5922887281098,121028.59329557129,0.0013537565646908063
177.62670252536736,130893.69601898557,0.0014638182983042485
177.66111495906677,136659.25198811962,0.0015279999861149021
177.69552663166192,132561.61964810753,0.0014818969397187441
177.72993754300555,130613.5022163567,0.001459836374452032
177.76434769295014,141016.42735539444,0.0015758023305889907
177.79875708134844,137899.5965199411,0.00154067476470763
177.83316570805303,141103.6462147205,0.0015761667841922553
177.8675735729166,145205.51573888768,0.0016216720346058995
177.90198067579178,154349.673920328,0.0017234616630369083
177.93638701653117,169653.16284046252,0.0018939734510070238
177.97079259498753,166481.6643791436,0.0018582081853286798
178.00519741101348,157772.725513403,0.001760661790172768
178.03960146446164,163701.7995945315,0.001826474169079083
178.07400475518472,175273.73636517327,0.001955208215099925
178.10840728303532,177974.97229611178,0.0019849574808996633
178.14280904786617,171936.33342663004,0.0019172381369640915
178.17721004952998,155198.38481270135,0.0017302614710144968
178.21161028787935,143898.7956552015,0.0016039759754999969
178.24600976276696,147187.4291489894,0.0016403162890078358
178.2804084740456,151612.71101868214,0.0016893074113393809
178.31480642156782,149845.78029646017,0.00166929774032506
178.34920360518643,158054.11596666396,0.0017603998786557811
178.383600024754,168902.89415257442,0.0018808703543067543
178.41799568012337,167963.37636841653,0.001870047484069728
178.4523905711471,161189.84683810783,0.0017942873974038528
178.48678469767805,161354.40510675617,0.0017957730710635173
178.52117805956874,164365.07450222535,0.0018289275047033132
178.55557065667207,161579.76696141963,0.0017975884448955908
178.58996248884063,163628.37902578147,0.0018200288675038348
178.62435355592717,172075.98639994403,0.0019136226028185598
178.65874385778437,170592.24828528223,0.0018967570681861082
178.69313339426503,156596.4224054208,0.0017408071669789632
178.72752216522187,156519.3488926966,0.0017396155957927768
178.76191017050755,164052.59485299542,0.0018229922054649487
178.7962974099749,166547.0484319732,0.0018503552378399508
178.83068388347652,164672.90704036568,0.0018291815377437363
178.8650695908653,158619.4824137322,0.0017616015628087798
178.89945453199388,168701.8383852337,0.0018732144236918943
178.93383870671508,187173.13415079188,0.002077914759137581
178.96822211488154,192597.54506942575,0.00213772343207299
179.00260475634613,181616.4831750358,0.002015452677376816
179.03698663096156,169266.21739989813,0.0018780373441517923
179.07136773858065,177434.75486687996,0.0019682906726987753
179.10574807905604,189611.47148574746,0.002102963713174362
179.14012765224058,187740.90941894255,0.0020818178706017414
179.17450645798704,185401.0254900572,0.002055476942780265
179.20888449614816,181263.526891742,0.0020092204219708163
179.2432617665767,170395.24708730195,0.0018883884375356388
179.27763826912542,155080.0334572787,0.001718329547380718
179.31201400364725,146231.534597514,0.0016199751158512384
179.34638896999485,146567.08786642196,0.001623381215945844
179.38076316802108,145093.2155361984,0.0016067486088437264
179.41513659757862,142771.59906770964,0.0015807363416478592
179.44950925852038,139342.82526257596,0.0015424781872132665
179.4838811506991,151919.9063005502,0.0016813801893442594
179.51825227396765,156282.56691303191,0.001729332959084611
179.55262262817868,152329.13521215503,0.0016852639000709466
179.58699221318514,164735.28115750116,0.0018221680986171532
179.6213610288398,169032.58201980835,0.0018693436068063262
179.65572907499555,166593.9320207329,0.0018420219540190733
179.6900963515051,162580.46440547233,0.0017973013997967281
179.72446285822124,154703.10955917588,0.0017098914598764957
179.758828594997,163184.91994075972,0.0018032937927143949
179.79319356168503,168005.27454822027,0.0018562068217464862
179.82755775813817,171793.66148823473,0.0018977001163265144
179.8619211842093,171309.9790600597,0.0018919956273361887
179.89628383975125,165972.47108922916,0.0018326965499210965
179.9306457246169,173250.08157569953,0.0019126918334902542
179.96500683865906,178463.80336331078,0.0019698754665605184
179.99936718173058,176812.29015217375,0.0019512735851295463
180.03372675368428,185089.227419351,0.002042226773041546
180.0680855543731,183140.7234031884,0.0020203419074238376
180.10244358364977,187476.09014941705,0.0020677735547799353
180.13680084136726,197227.1632673417,0.002174908432180233
180.1711573273784,186336.69308963575,0.0020544227228890483
180.2055130415361,183748.78095192686,0.0020255039180950046
180.23986798369313,185377.00876256148,0.0020430627416298482
180.27422215370248,188018.44256994416,0.002071779421129024
180.30857555141696,195735.53837770288,0.002156403344010142
180.3429281766895,190137.0441510931,0.0020943261507514075
180.3772800293729,182152.77476152088,0.002005998721466621
180.41163110932018,186971.88501020113,0.002058678210420832
180.4459814163841,197970.18120523475,0.0021793614287465273
180.48033095041757,203099.58207631027,0.00223540308223461
180.51467971127357,203469.0296107709,0.0022390432523038055
180.54902769880496,201338.74178458052,0.0022151793315666798
180.58337491286466,194644.47423827316,0.0021411199996090886
180.61772135330554,197507.30073824292,0.0021721983979534594
180.65206701998056,197588.4418017802,0.002172677643581254
180.68641191274256,187065.0344924116,0.0020565715281209156
180.72075603144447,181083.8069308585,0.00199043626469329
180.75509937593935,206558.54036667792,0.002270017953963259
180.78944194607996,305184.46331936796,0.0033532509046763077
180.82378374171932,388810.9879253638,0.004271296024173486
180.85812476271036,316913.91487003735,0.0034808072846465735
180.89246500890596,202422.67883771312,0.0022228767602519364
180.92680448015906,181289.8077480314,0.0019904311970606364
180.96114317632268,193454.14909555123,0.002123583840354931
180.99548109724964,198063.20689729336,0.0021737658861449983
181.029818242793,208368.84051012047,0.002286437603356744
181.06415461280565,217463.18028185618,0.00238577755307044
181.0984902071406,220634.82802828515,0.0024201146084340515
181.13282502565076,193321.6801049268,0.002120118299222785
181.1671590681891,187026.82314889567,0.002050695211044624
181.20149233460864,194169.3837605142,0.0021286079337684673
181.23582482476223,197627.92023026754,0.0021661121878882926
181.27015653850293,206062.02258581985,0.002258126892301761
181.30448747568366,212996.41785889358,0.002333675358500822
181.33881763615747,199519.24204942991,0.0021856000952507997
181.3731470197773,181856.40749063395,0.0019917384771144866
181.40747562639615,183560.4322042015,0.002010020959235633
181.441803455867,182875.4290270272,0.0020021411805197383
181.47613050804281,180960.5855227267,0.0019808025052505444
181.51045678277663,199184.74501767458,0.002179872630627423
181.5447822799214,205976.3646488597,0.00225377372609559
181.57910699933015,206395.3745927223,0.002257931585201465
181.6134309408559,214404.4352198103,0.0023451061004121673
181.6477541043517,281274.04454100976,0.0030759290933660977
181.6820764896704,452542.85555029864,0.004947938835085719
181.71639809666516,579529.1623422933,0.006335164106935104
181.75071892518895,549407.4511859097,0.006004752367518625
181.78503897509484,362465.012222418,0.003960815823594933
181.8193582462358,240943.01301250892,0.0026323941120967335
181.85367673846488,216309.9247439359,0.002362822264373902
181.88799445163502,227304.0685430844,0.0024824463379688492
181.92231138559944,249086.9700354857,0.0027198298692283867
181.95662754021103,242412.57531606712,0.0026464516314492572
181.9909429153229,222017.5546924118,0.0024233393490023796
182.025257510788,209724.04157401586,0.0022887231297437105
182.0595713264595,196588.5569932357,0.002144970943159633
182.09388436219044,204577.02967619745,0.0022317122780907543
182.12819661783377,221229.08995398486,0.0024129134253430486
182.16250809324262,245147.48507537565,0.002673284248167256
182.19681878827012,249491.0025008225,0.00272013709255936
182.23112870276918,238252.61009518532,0.0025971186823035533
182.26543783659295,234189.71714178572,0.0025523497938179113
182.29974618959457,244858.5089257076,0.002668122903261578
182.33405376162696,262522.940611577,0.002860066736731436
182.36836055254338,273902.5622120286,0.002983481129588395
182.4026665621967,268096.37326532434,0.0029196880364216844
182.43697179044017,273680.9638359895,0.0029799462459257466
182.4712762371268,285903.29493957316,0.0031124425596012265
182.50557990210973,262411.5057294088,0.0028561658392909023
182.539882785242,245979.72286723176,0.002676814245773671
182.5741848863768,254260.7380529148,0.00276641051879491
182.60848620536717,241426.2405442721,0.0026262750615968357
182.6427867420662,221670.86992693826,0.0024109199740517287
182.677086496327,224419.63205523835,0.0024403575614612007
182.71138546800273,243650.76686831532,0.002648981139468073
182.7456836569464,249092.63022595542,0.0027076370294764965
182.77998106301123,228277.2832452134,0.0024809085833889712
182.81427768605036,202530.69281719835,0.002200682712359963
182.8485735259168,216655.2277961247,0.0023537172520098357
182.8828685824638,243834.77857254306,0.0026484959858771536
182.9171628555444,253990.4420608141,0.0027582880105231915
182.9514563450118,248183.82500462042,0.002694724041485523
182.9857490507191,243831.54644887935,0.0026469718292324654
183.02004097251938,241055.11630449322,0.0026163413179704125
183.054332110266,234712.18528117292,0.0025470197940010565
183.08862246381187,232162.1288704421,0.002518875572426434
183.12291203301024,226574.72360433836,0.0024577939300170206
183.1572008177143,243931.45501249214,0.0026455775894141122
183.19148881777716,266770.1082101577,0.002892734445793357
183.22577603305197,258110.02210766904,0.0027983046399095834
183.26006246339193,250055.80858400534,0.0027104775304621423
183.29434810865024,256201.33815552594,0.002776572477429518
183.3286329686799,249359.58564248632,0.002701919849944899
183.3629170433343,243693.94919907022,0.0026400364982791897
183.39720033246658,258529.7756748803,0.0028002355322489245
183.43148283592984,273702.6821249544,0.0029640250572070762
183.4657645535773,268669.0841387263,0.002908970748378699
183.5000454852621,282974.1333814492,0.003063283958573177
183.53432563083751,289140.0301763426,0.0031294471093076402
183.56860499015673,272968.3834218263,0.002953864943007887
183.6028835630729,257001.84972021016,0.0027805675219341477
183.63716134943922,245586.12626510966,0.0026565619769184415
183.67143834910897,240471.77486034337,0.0026007534073506323
183.7057145619353,258020.34343904804,0.002790024244168839
183.73998998777145,281369.4109799225,0.003041934702849891
183.77426462647057,280387.7254191152,0.0030307561721581453
183.808538477886,262107.96189819693,0.002832638971914948
183.84281154187084,247460.8462671404,0.0026738468897576305
183.87708381827844,265454.9915329801,0.002867741379638738
183.91135530696184,300310.48930790497,0.0032436848400714167
183.94562600777448,291060.2300689557,0.003143186115050164
183.97989592056948,264010.6595128667,0.0028505442526874565
184.01416504520012,235229.68016356468,0.00253932072361361
184.04843338151963,226728.2745511308,0.0024470917463534046
184.08270092938122,242025.69310421325,0.0026117114257877025
184.1169676886382,224033.56681701518,0.002417107544719505
184.15123365914383,197584.27861500284,0.0021313484006473447
184.18549884075128,197704.16754905492,0.0021322448980184284
184.21976323331387,216598.65980656072,0.0023355880239067164
184.2540268366849,229810.45919985932,0.002477590327251435
184.28828965071756,247022.94129438265,0.0026626632453572298
184.32255167526512,265422.7419239459,0.0028604631128654116
184.35681291018096,252789.84378487238,0.0027238119711118637
184.39107335531827,228430.04046568883,0.0024608776311947863
184.4253330105303,229428.90967780218,0.002471179310385904
184.45959187567038,256134.60247542596,0.0027583140038938657
184.4938499505918,263375.3891391025,0.0028357633870985557
184.52810723514787,240102.89131238215,0.0025847084172395014
184.56236372919182,209281.5295371631,0.002252498193765494
184.59661943257703,202294.622152547,0.002176894030663949
184.6308743451567,217743.849196503,0.002342708557433541
184.6651284667842,236864.44345862488,0.002547954533348745
184.69938179731284,230650.70809760562,0.0024806531510013024
184.73363433659597,198992.51036516504,0.0021397717564391417
184.76788608448675,174629.94131079185,0.001877452302115825
184.80213704083866,171594.7827844888,0.0018444792954881001
184.83638720550493,182030.37883436403,0.0019562893742202997
184.87063657833892,200925.77487081615,0.002158959072878737
184.90488515919392,232915.32246977423,0.002502225057434376
184.93913294792335,267548.5107162243,0.0028737594672677003
184.97337994438044,279976.32047869853,0.00300669076490771
185.0076261484186,265375.2462216516,0.0028493609873175177
185.0418715598911,227753.4143802259,0.0024449589870204767
185.07611617865132,185809.85214195264,0.001994320965434574
185.11036000455263,188346.31788910742,0.0020211712090089594
185.14460303744838,215713.47276233032,0.00231442391385878
185.17884527719193,221526.60488825297,0.002376354422941067
185.21308672363656,217849.73756710265,0.002336479988788477
185.24732737663575,213549.96022307253,0.0022899407114521024
185.28156723604275,209116.69416720688,0.0022419874822128976
185.31580630171104,220535.26623056387,0.002363971732120431
185.35004457349388,243515.7326782742,0.0026098228198435268
185.3842820512447,265177.07356546447,0.0028414483000262884
185.4185187348169,285633.29974990163,0.003060077489334492
185.45275462406383,307548.3272589013,0.0032942516724465366
185.48698971883888,323413.8722494201,0.0034635533813616084
185.52122401899547,319922.29060809844,0.0034255285696854557
185.5554575243869,300814.9214609657,0.0032203445275685062
185.5896902348667,286531.053245056,0.0030668641836782205
185.62392215028814,298506.22573600925,0.0031944503524832303
185.65815327050476,316190.15491220943,0.003383070214010338
185.69238359536982,316472.8675869902,0.0033854709036418955
185.7266131247368,286767.84078264644,0.003067135774669848
185.7608418584591,255212.41376959166,0.002729130599201463
185.7950697963902,249006.467685411,0.0026622763638555497
185.8292969383834,268527.970894228,0.002870463578177194
185.8635233105707,284560.47658404685,0.003041284918476991
185.8977495173204,272314.55760172673,0.002909868886760998
185.93197492793442,252688.1755035492,0.002699650426650785
185.96619954226628,247803.97052733187,0.0026469817029257186
186.00042336016938,260805.68957565216,0.0027853503065766146
186.03464638149714,274429.47179141623,0.0029303102954490994
186.068868606103,279142.9910328326,0.0029800922298608775
186.10309003384043,277922.1311541837,0.0029665129021546346
186.13731066456282,270355.2759488469,0.002885214516854584
186.17153049812364,265447.96176250116,0.002832323268573386
186.2057495343763,270849.112401106,0.00288942232714018
186.23996777317433,283128.2967066752,0.0030198618992962212
186.27418521437116,299287.8716350519,0.00319163441772735
186.30840185782017,314267.2988266831,0.0033507609582920433
186.3426177033749,310101.88554759824,0.003305741646821039
186.37683275088887,290313.9861899759,0.003094230952140865
186.4110470002154,273504.1945098438,0.0029145334210772342
186.44526045120807,267552.40146961616,0.0028505863418648828
186.4794731037203,267325.1946916174,0.002847643068623059
186.51368495760556,275103.239578796,0.0029299600339723814
186.54789601271747,275179.16469406465,0.0029302311927169203
186.58210626890934,262697.4877896318,0.0027968078025302
186.61631572603474,264515.5622232542,0.002815647681670694
186.6505243839472,285992.99357640604,0.003043707213843634
186.6847322425001,315188.82046510384,0.003353811874740507
186.71893930154707,333427.91535339656,0.0035472376054235077
186.75314556094148,340258.8744315447,0.003619247056205816
186.78735102053696,351121.99944984925,0.0037341114175946113
186.82155568018695,355103.6612650043,0.003775764164176703
186.855759539745,342115.8694441412,0.0036370010413871467
186.8899625990646,342796.4640414503,0.003643569439285274
186.92416485799933,350535.1352630957,0.0037251417268953447
186.95836631640262,357188.1010776562,0.003795148489370487
186.992566974128,356249.66542055673,0.003784485241804881
187.02676683102908,347743.617143985,0.0036934489050126588
187.06096588695937,334188.3827258668,0.003548827341486676
187.0951641417724,343872.42012215726,0.0036509970082894117
187.12936159532163,367920.37432506826,0.0039056075066689587
187.16355824746074,370105.5843544721,0.003928086467680619
187.19775409804322,356398.68399775657,0.0037819183823082207
187.23194914692257,347330.8916189066,0.0036850225266898333
187.26614339395243,335874.7425730643,0.0035628273237830687
187.3003368389863,320192.2748361306,0.003395853808374028
187.3345294818778,315017.3212225884,0.0033403601547903894
187.36872132248035,335334.22824505094,0.003555146373675464
187.40291236064772,370426.8767457911,0.0039264751065476115
187.43710259623336,382405.1640075698,0.004052703956585765
187.47129202909085,356345.54111687536,0.0037758371121378873
187.50548065907378,317392.1889566818,0.003362474213768456
187.53966848603577,328723.7587918727,0.0034818867758038986
187.57385550983034,349503.40950192197,0.0037013129426057526
187.60804173031116,339832.1289460449,0.0035982362981619525
187.6422271473317,343178.41328476137,0.0036330056833394227
187.67641176074574,349865.5617118476,0.0037031235213143233
187.71059557040667,334094.7070786972,0.003535554221981432
187.74477857616824,328660.1602634452,0.003477409926226256
187.778960777884,341659.16594288993,0.0036142886962689893
187.81314217540762,348050.90775491047,0.003681234525228206
187.84732276859262,339396.24839960044,0.00358904349880841
187.8815025572926,324606.9896272971,0.0034320257424360233
187.91568154136132,324296.11443562387,0.0034281152660474564
187.94985972065226,325917.6400417068,0.003444629807781802
187.98403709501915,320535.0893493256,0.0033871256007363343
188.01821366431557,315191.38006317854,0.0033300526801517327
188.0523894283952,317175.90596931655,0.0033504105487034215
188.08656438711154,323347.88961194997,0.003414986187912479
188.1207385403184,323275.0548388609,0.0034135967261029626
188.15491188786933,315471.84745882644,0.003330594366577257
188.18908442961805,306197.7084934107,0.0032320956239689307
188.2232561654181,320505.24152972596,0.003382505788457839
188.25742709512318,351980.4912487149,0.003714010853248992
188.29159721858701,376393.7289449631,0.003970892536454361
188.3257665356632,397258.0572450012,0.004190247396703651
188.35993504620544,394624.04360795475,0.004161708952315179
188.39410275006733,358106.5318345233,0.003775909988312921
188.42826964710258,361715.3344168121,0.0038132699831627272
188.46243573716492,392715.3646007975,0.004139327488331654
188.49660102010796,383769.2610922102,0.004044299939322239
188.5307654957854,373665.17676024657,0.003937105837402682
188.5649291640509,375049.1801314691,0.003950972368980062
188.59909202475828,368203.936124038,0.0038781582224178737
188.63325407776102,362645.71413034975,0.003818923746570069
188.667415322913,371344.6321932131,0.003909821631694603
188.7015757600678,387624.4902585719,0.004080490543346841
188.7357353890792,387870.8360157121,0.0040823447996274345
188.76989420980087,374034.57732638967,0.003936005657224598
188.80405222208648,368572.4284226746,0.0038778251885774866
188.83820942578987,362350.0593459925,0.003811668800551125
188.8723658207646,359314.5988611525,0.0037790543404360058
188.90652140686453,369673.6428633763,0.003887301542665045
188.94067618394325,394942.1048824151,0.0041522612029883145
188.97483015185458,416384.96293844836,0.004376911525956526
189.00898331045224,409524.6323905087,0.004304019967497427
189.04313565958995,404866.91917916323,0.0042542996395817136
189.0772871991214,408505.0540945418,0.004291753458707157
189.11143792890041,396089.2437092304,0.004160561502638555
189.1455878487807,386733.42634136486,0.0040615536109990386
189.17973695861602,418692.87874197226,0.004396404577803855
189.21388525826006,491726.34848747734,0.005162346732479482
189.24803274756667,502876.501510501,0.005278453049895432
189.28217942638955,442812.60037199705,0.004647152633025803
189.31632529458247,375998.7022274919,0.0039452540492345735
189.35047035199918,357635.63916540984,0.0037518986368648634
189.3846145984935,379116.0433979302,0.0039765290832233565
189.41875803391912,413531.9472636613,0.004336733912006491
189.45290065812992,447837.644182102,0.004695653389315659
189.48704247097962,457282.4863540247,0.00479382024864167
189.52118347232198,430709.4205971429,0.004514433973094979
189.55532366201084,398481.3666939981,0.004175886888536822
189.58946303989995,392201.42442409624,0.004109336109862579
189.6236016058431,402655.2172096076,0.0042181074048708595
189.65773935969412,410170.5383797003,0.004296062465572961
189.69187630130676,420863.5170674064,0.00440726578820986
189.72601243053487,421569.79007573705,0.004413867550182683
189.76014774723228,398452.67572964245,0.004171079160122524
189.79428225125275,376875.01498199435,0.0039444905176435835
189.82841594245008,359423.4696626372,0.0037611608158468505
189.86254882067814,344868.07464827434,0.0036081981540734974
189.8966808857907,335777.43855834834,0.0035124555113451917
189.93081213764162,346942.3690084162,0.003628595926607991
189.96494257608467,371052.2067826432,0.003880058311999949
