wavelength(nm),countrate,irradiance (watts/m^2)
175.00980094237246,91589.95932766327,0.0010395902307046034
175.04427153707897,96588.94438201646,0.001096115228075616
175.07874138213154,102198.08557956293,0.0011595408119527912
175.11321047738258,106632.53093317235,0.0012096159404012467
175.14767882268444,110499.81491722881,0.0012532388771569437
175.1821464178895,110485.86383469273,0.001252834103043578
175.2166132628501,108420.6498030849,0.001229174150601246
175.25107935741875,105359.82059764443,0.001194238355527476
175.28554470144778,104963.84078545604,0.0011895160481303134
175.32000929478957,106102.59323837805,0.0012021847316221804
175.35447313729657,106834.66854533087,0.0012102415316729174
175.38893622882114,106497.909565564,0.0012061896108299414
175.42339856921566,108609.85655157597,0.001229867751206805
175.4578601583326,113674.26655154167,0.0012869628974521053
175.49232099602435,120915.97206811137,0.0013686810305418027
175.52678108214334,125532.44213894714,0.0014206571570435599
175.56124041654198,123094.28241532197,0.0013927909449653745
175.5956989990727,114800.28118548289,0.0012986908238578718
175.63015682958786,110220.6160515369,0.0012466382249792156
175.66461390794,110941.12983211853,0.0012545413874163875
175.6990702339815,114401.8060785021,0.0012934216074121257
175.73352580756477,117793.94983558939,0.0013315119132269453
175.7679806285423,118891.68719123388,0.0013436570071129312
175.8024346967664,116844.68482600818,0.0013202639666847309
175.8368880120897,116340.6662031953,0.0013143113301238734
175.87134057436458,119559.52095258955,0.0013504104393267792
175.90579238344344,124105.47687462429,0.001401481926588788
175.9402434391788,123534.48112319275,0.0013947606980941256
175.97469374142307,119413.7753436174,0.00134797210616416
176.00914329002876,118933.19672525917,0.0013422844450927686
176.04359208484829,120114.58432134174,0.0013553523573173662
176.0780401257341,123453.87696909336,0.0013927598286134814
176.11248741253877,125978.12773545847,0.0014209594771110664
176.14693394511468,125816.1301736477,0.0014188547201563293
176.18137972331434,130537.20064335466,0.0014718074017315492
176.21582474699025,141312.5814233524,0.001592988414991116
176.25026901599483,136972.40759941755,0.0015437607518101106
176.28471253018066,120823.70669749529,0.0013614891907586437
176.31915528940013,106889.90463427376,0.00120424232578311
176.35359729350577,110243.18857110746,0.001241778503006383
176.38803854235016,115082.04900490813,0.001296030282760353
176.42247903578567,114739.51239722801,0.0012919204533775198
176.4569187736649,124789.52305678123,0.0014048052698422946
176.4913577558403,124543.21363880936,0.0014017588864354052
176.52579598216442,112985.03134019775,0.00127142113440723
176.56023345248974,109375.51926194495,0.0012305632125916583
176.59467016666878,101879.18073327436,0.0011459998118381691
176.62910612455408,97251.87531837191,0.001093735750323025
176.66354132599812,110358.56724805165,0.0012408972325373409
176.6979757708535,137705.4962947881,0.0015480906755376666
176.73240945897268,157241.10698337742,0.0017673663769752826
176.76684239020824,158943.39921005155,0.0017861518878522773
176.80127456441264,150123.25816377642,0.0016867055900612958
176.83570598143854,140189.09878946774,0.0015747839418866136
176.87013664113837,134304.39748943376,0.001508385732625243
176.90456654336475,131214.69720992475,0.001473398193993201
176.93899568797013,127379.13059724808,0.0014300506405027795
176.97342407480724,127018.52629748512,0.0014257248204239594
177.00785170372845,137689.0131893646,0.001545195556304592
177.04227857458645,154772.56320549644,0.0017365755374559235
177.07670468723373,143588.88191887338,0.0016107794368378898
177.11113004152284,138926.88048143825,0.0015581782012102988
177.1455546373064,157845.51752465387,0.0017700221016114883
177.17997847443698,169036.02063956996,0.001895140051419185
177.2144015527671,156790.08094794006,0.001757503773674634
177.24882387214933,157086.18616366095,0.0017604809419278352
177.2832454324364,178158.1427952042,0.001996248843660092
177.3176662334807,186155.08757611562,0.0020854491150773535
177.35208627513498,180821.29419376963,0.002025302813394316
177.38650555725172,168955.93518240718,0.001892036753593404
177.42092407968354,161835.9310258191,0.0018119524980025705
177.45534184228308,160487.42832177828,0.0017965058470436326
177.4897588449029,140113.88068955226,0.0015681390029105003
177.52417508739558,116122.46475064562,0.0012993777817638184
177.55859056961378,110095.98007638192,0.0012317043273796905
177.5930052914101,121391.58684151822,0.001357811324105162
177.62741925263717,130451.02126185538,0.001458861864648959
177.66183245314753,136916.4293261874,0.0015308693276895958
177.69624489279386,132431.06185479148,0.0014804314593756997
177.73065657142882,131190.76236114788,0.0014662823432060879
177.76506748890495,140709.52172389659,0.001572366415807583
177.79947764507497,137824.54783050698,0.0015398300473805577
177.8338870397914,141130.1943888862,0.0015764569401782863
177.86829567290698,145419.44823420656,0.0016240546642413464
177.90270354427432,154309.84643490874,0.0017230099499881317
177.937110653746,169138.25399516456,0.0018882174341821498
177.97151700117476,165174.03237599588,0.0018436053652299616
178.00592258641325,158037.78199325097,0.001763612498238923
178.04032740931402,164799.4833288552,0.0018387138859332942
178.07473146972987,175488.74289721972,0.001957598660480336
178.10913476751327,177814.7873604016,0.0019831628357219176
178.14353730251702,171093.38523659352,0.0019078307396692804
178.1779390745938,154167.59236977552,0.0017187624346398634
178.21234008359622,143251.8542704858,0.0015967582682683298
178.24674032937696,146772.29845868767,0.0016356832004782668
178.28113981178873,150629.78840282295,0.0016783485525190172
178.31553853068414,149651.09379829816,0.0016671220675533263
178.34993648591595,158954.98895585624,0.0017704264877628098
178.38433367733677,169595.01713857712,0.001888569936350364
178.41873010479938,167215.81520418273,0.00186171672722701
178.45312576815638,160427.2713329767,0.0017857914185940853
178.48752066726055,162200.33096478123,0.00180518025050332
178.5219148019645,163765.82144112396,0.0018222519595403328
178.55630817212102,161168.13562163874,0.0017930016058438697
178.59070077758275,164465.6649211613,0.0018293343869876632
178.62509261820244,171929.83309825178,0.0019119893503049253
178.65948369383273,169990.75152860448,0.0018900614038960058
178.69387400432643,155940.3762419889,0.0017335070323999467
178.72826354953622,156422.8198341508,0.001738535523444171
178.7626523293148,163707.16838503515,0.001819146190332991
178.79704034351494,165487.7167076045,0.0018385783112311875
178.8314275919893,164361.99153181558,0.0018257203052521292
178.86581407459067,159217.4480889591,0.0017682351101791494
178.90019979117176,169211.4415283454,0.0018788650765964368
178.93458474158533,187090.5252209973,0.0020769890110542972
178.96896892568407,191903.1233386263,0.002130006856776407
179.00335234332076,180306.01958699798,0.0020009017126624055
179.03773499434817,168087.44953351608,0.0018649509196937742
179.07211687861906,177769.6126320633,0.0019719970131853704
179.1064979959861,189773.96875820332,0.0021047571431219918
179.14087834630215,186942.50721624843,0.0020729558764437236
179.1752579294199,184560.15418182116,0.0020461459121906933
179.20963674519214,180984.1287934727,0.002006115005373418
179.2440147934716,169905.28327488614,0.0018829505515982133
179.27839207411105,154504.50719961812,0.0017119453595135896
179.3127685869634,146273.87143571957,0.0016204373106182644
179.34714433188125,146230.64623731698,0.0016196479573840775
179.38151930871751,144205.09260857984,0.0015969068877422672
179.41589351732486,143375.41524358166,0.0015874149670583942
179.45026695755618,138738.4387870682,0.0015357813476938346
179.4846396292642,152395.8815412527,0.0016866409385278853
179.51901153230176,155484.0946818139,0.001720490248143718
179.55338266652154,152482.4084473825,0.0016869524680432888
179.5877530317765,165237.11263407784,0.0018277112084016626
179.6221226279193,168460.41962034025,0.0018630081220549302
179.6564914548029,165863.36602302396,0.0018339363347293295
179.69085951228,161481.83530372274,0.001785148646604158
179.72522680020342,154601.3276566039,0.0017087592288453097
179.75959331842606,162439.16638293362,0.0017950451205330298
179.79395906680065,168437.87390182985,0.0018609784736262163
179.82832404518,171525.87305298424,0.0018947339464137748
179.86268825341702,170768.48529331962,0.0018860071743807471
179.89705169136448,165635.92953796737,0.0018289725936669581
179.93141435887526,174310.343430429,0.0019243889705993738
179.96577625580215,178026.9332270893,0.001965044912272438
180.00013738199803,175823.97365211436,0.0019403583717010453
180.03449773731572,184953.02083369036,0.002040715165483259
180.06885732160808,182870.51268503873,0.0020173523946544667
180.1032161347279,187306.17635772258,0.0020658906235030455
180.13757417652806,197204.18438414065,0.0021746456983407244
180.1719314468615,185967.0626863792,0.0020503386178805645
180.20628794558104,184092.38445028034,0.0020292828101783206
180.24064367253942,184387.39714655833,0.0020321473650332243
180.2749986275897,187653.17242665336,0.0020677455950992157
180.3093528105846,195859.18817138294,0.0021577562827835442
180.34370622137712,188735.00705309445,0.002078873989548633
180.37805885982002,181845.8394618404,0.0020026098800640787
180.41241072576625,187435.04588300022,0.0020637689851261097
180.44676181906863,197486.42151867878,0.002174026541542657
180.4811121395801,201883.4392476367,0.0022220080631311736
180.51546168715353,202709.5299288357,0.002230675793204597
180.54981046164184,200293.5349300937,0.0022036701497017783
180.5841584628979,194224.37050738174,0.002136489521916477
180.6185056907746,197066.4575921893,0.0021673405640470437
180.65285214512488,197497.8689242321,0.0021716722682256014
180.68719782580158,186424.54155386068,0.002049521107644542
180.7215427326576,181764.89744907897,0.0019979139755448945
180.75588686554602,209392.4553649989,0.0023011518257126597
180.79023022431957,313125.92556594004,0.0034404936726304103
180.82457280883128,387740.18293731875,0.004259514073013586
180.85891461893402,307538.3422510603,0.003377816424982905
180.89325565448073,197689.55831029217,0.002170891160712922
180.92759591532433,181842.9711881085,0.0019964957988970185
180.9619354013178,193616.29898218816,0.0021253544866814333
180.99627411231393,198616.11725237677,0.0021798245885374904
181.03061204816584,208040.63576603515,0.002282826192688823
181.06494920872635,217983.72445618158,0.002391477921934977
181.09928559384852,218788.957338368,0.002399856953751315
181.1336212033852,191477.35048170376,0.0020998826931259698
181.16795603718936,186501.76954981504,0.0020449291538524993
181.202290095114,194582.98770103612,0.0021331327311231896
181.23662337701202,197276.3841375196,0.0021622496291257777
181.27095588273642,206808.8697475922,0.0022663012095421545
181.30528761214012,211906.1099408326,0.0023217192553747186
181.33961856507617,197243.56034316804,0.0021606619783185814
181.3739487413975,180400.81385334162,0.0019757877050368636
181.4082781409571,183863.64118787475,0.0020133322475175933
181.4426067636079,182849.55444301962,0.0020018490397036293
181.47693460920294,181142.64154840744,0.0019827865129786316
181.51126167759517,199272.92292270574,0.0021808279765878924
181.5455879686376,205210.2281969112,0.002245380769236228
181.57991348218317,205766.5618202707,0.0022510424784906026
181.61423821808495,215309.53542584617,0.0023549954090042327
181.64856217619595,289076.1934261384,0.003161237004509166
181.6828853563691,465388.77421780914,0.0050883687793356076
181.7172077584574,583041.4117008641,0.0063735301115781
181.75152938231392,538852.0770942821,0.0058893610749929355
181.78585022779166,348105.7741200496,0.0038038890895820405
181.82017029474363,237155.24899053783,0.002590999776637707
181.85448958302285,214604.7699663003,0.0023441858371824136
181.88880809248226,228615.28487114122,0.0024967553008030867
181.92312582297504,249543.21369881346,0.0027247994854899026
181.95744277435412,239705.05666257994,0.0026168815510102224
181.99175894647257,219999.9156050277,0.0024013058899098496
182.02607433918334,208345.57506381292,0.0022736696910937103
182.06038895233957,197333.03439802918,0.0021530842409054445
182.0947027857943,205437.0793944529,0.002241084409943638
182.12901583940052,223676.8491333267,0.0024395998043495407
182.1633281130113,245755.53608179046,0.0026799028588583257
182.19763960647973,248897.26717284173,0.002713651521616277
182.23195031965878,236004.76207247595,0.00257260398095676
182.2662602524016,233990.34318561605,0.0025501653817009465
182.30056940456123,245490.80217855814,0.002675000664357299
182.33487777599066,264130.1216693432,0.0028775632309692473
182.3691853665431,273312.4718964625,0.0029770401117446294
182.40349217607147,267487.4320283382,0.0029130432117416903
182.43779820442893,275318.1820996569,0.002997759344500456
182.47210345146854,285385.5938337933,0.0031067926012545936
182.5064079170434,260060.77498366887,0.002830566935977354
182.54071160100656,245139.0817646462,0.002667654061940761
182.57501450321118,253223.70872816324,0.002755114901528084
182.60931662351032,239991.7111050842,0.002610658138149621
182.64361796175703,219514.62440211946,0.0023874575138419347
182.67791851780444,225488.48429739373,0.0024519691810252365
182.71221829150568,244620.3086877527,0.002659509915519325
182.74651728271377,247160.9654296743,0.002686627576551313
182.7808154912819,225299.8087255718,0.002448538328715676
182.8151129170632,201036.88600762712,0.0021844411439273315
182.84940955991073,218538.52035463374,0.0023741662684685066
182.88370541967765,245057.89786687438,0.0026617691404032815
182.91800049621702,253643.52570370797,0.002754507950865981
182.95229478938202,246666.93452789536,0.002678241712476443
182.98658829902578,242509.41783371227,0.0026326070707472404
183.02088102500136,240455.86986617,0.0026098252944546222
183.05517296716204,233659.1719666738,0.0025355811911021067
183.08946412536082,231012.85242627986,0.002506394814546557
183.1237544994509,226039.66789184595,0.0024519785745913732
183.15804408928545,245766.4804284773,0.002665467228408766
183.1923328947176,265866.20741644973,0.002882919670841838
183.22662091560048,256833.53025126917,0.002784452689991243
183.26090815178725,249109.1718293867,0.00270020400986674
183.2951946031311,255497.3997524968,0.0027689307836126376
183.32948026948512,248106.7109983129,0.0026883319820046273
183.36376515070256,244231.16716087362,0.0026458441629828304
183.39804924663662,259188.21174000093,0.0028073543120015333
183.43233255714037,272910.5345972559,0.0029554329152989547
183.46661508206705,268084.06068737886,0.0029026230459832697
183.50089682126975,283257.3729734223,0.0030663358901471993
183.53517777460178,288270.68603759346,0.0031200234572780687
183.56945794191628,271830.55455715075,0.0029415385202673982
183.6037373230664,254740.5515170182,0.002756089153153905
183.63801591790536,243922.2102715334,0.0026385507337653093
183.67229372628637,240424.98143571467,0.002600235216939129
183.70657074806263,259661.05793611892,0.0028077525237664015
183.74084698308735,282112.21810286446,0.003049951097153405
183.77512243121367,278560.5069464762,0.00301099141838554
183.80939709229492,259451.9149333211,0.0028039215871888327
183.8436709661842,246113.79876203078,0.002659279433305983
183.8779440527348,268692.3482485653,0.002902701343847859
183.91221635179983,301183.52096838225,0.0032530993153551727
183.94648786323268,288638.9264091691,0.0031170236303467067
183.98075858688642,261096.0262459647,0.0028190615053374016
184.01502852261441,232291.60372861518,0.002507592217826401
184.04929767026982,227237.17240475092,0.0024525727938958346
184.08356602970588,241342.36024098107,0.002604325307416948
184.11783360077584,220534.2909593336,0.0023793425206105547
184.15210038333296,195974.2369422625,0.002113970876224589
184.18636637723046,199015.63578309232,0.0021463790093710845
184.2206315823216,217172.99074757664,0.002341770008536908
184.25489599845966,229352.05797307915,0.0024726366322084742
184.28915962549786,249022.55384805612,0.0026842044216459004
184.32342246328946,264776.3997959209,0.002853483997732014
184.35768451168778,250630.87092096952,0.002700536258923465
184.39194577054607,227036.64563616196,0.002445855011634334
184.42620623971752,231036.579631156,0.0024884837444906346
184.46046591905548,257164.15392169188,0.002769388122837737
184.4947248084132,262402.07339122065,0.002825270297078627
184.528982907644,236871.91146980642,0.0025499148080301583
184.56324021660112,208002.32589752768,0.0022387194866334676
184.5974967351379,201666.76107079597,0.0021701272989783226
184.63175246310755,219114.60938021145,0.002357445369704393
184.6660074003634,236304.57464006747,0.0025419199171445726
184.7002615467588,228349.79505978365,0.0024558950857636033
184.73451490214705,195398.04460211395,0.0021011103551750025
184.76876746638132,173858.2982309751,0.0018691474254938995
184.80301923931506,171900.2850444564,0.0018477543309891905
184.83727022080154,181840.0139711326,0.001954234177809963
184.87152041069407,202404.661918982,0.0021748394022473054
184.90576980884595,235127.9340666122,0.002525983208233594
184.94001841511056,269253.71444441006,0.0028920613469487102
184.97426622934114,278622.2078987234,0.0029921344921415276
185.0085132513911,261964.30620571531,0.002812723890850835
185.04275948111368,224418.49435173045,0.0024091466783183768
185.07700491836226,183310.05077253043,0.0019674808289532808
185.11124956299025,189354.17687983884,0.0020319769228502407
185.1454934148509,216254.58395888255,0.0023202184231931396
185.17973647379762,220222.16579566547,0.00236235010879236
185.21397873968368,217526.87602907835,0.002333006001076944
185.24822021236253,212385.2438065541,0.0022774402381085484
185.28246089168744,208262.5763592332,0.0022328195221736867
185.3167007775118,222782.80420677914,0.0023880521176259236
185.35093986968897,244293.78167388003,0.002618148731248874
185.38517816807231,267030.94568574167,0.002861299239769082
185.41941567251524,287205.4084663471,0.0030769050899567686
185.45365238287107,308221.2691275526,0.003301443793008647
185.4878882989932,322480.447964167,0.003453540280563147
185.52212342073503,317383.84230681194,0.003398331971761634
185.55635774794987,298427.0926791189,0.0031947663621867657
185.59059128049122,284580.4129903244,0.0030459708599842603
185.62482401821234,298971.39882264583,0.0031994128358282577
185.65905596096675,316458.4744176938,0.003385924630432143
185.69328710860773,313414.01972908556,0.0033527325422528036
185.72751746098876,283533.68511959387,0.003032529980300618
185.76174701796322,253160.87526034724,0.0027071791469799513
185.79597577938455,249729.76794807173,0.0026699965779309145
185.83020374510608,269999.6791772425,0.002886181505356364
185.86443091498128,283236.80765127746,0.0030271232162716495
185.89865728886357,269780.55687713006,0.002882777263989778
185.93288286660632,251024.11269850816,0.002681858944897883
185.96710764806303,247060.26341002094,0.0026390247176774047
186.00133163308706,261266.09287208726,0.0027902536923454643
186.0355548215319,273720.6929000861,0.0029227278052008513
186.06977721325092,277818.5619241346,0.0029659383234161324
186.10399880809763,276318.228787844,0.00294937860712077
186.1382196059254,269238.99737092963,0.0028732876312426757
186.17243960658772,265002.9344772877,0.0028275610308298223
186.20665880993798,270980.1529604282,0.0028908061534433658
186.2408772158297,282851.1795079914,0.0030168914200836023
186.27509482411634,299653.00080364797,0.003195512585765359
186.30931163465127,313478.9392293672,0.003342339039119719
186.34352764728803,308004.31214655086,0.003283365105387127
186.37774286188008,287372.1834766047,0.003062861608866128
186.41195727828085,272968.4609429244,0.0029088102975029177
186.44617089634383,266785.47500338097,0.0028424013892677314
186.4803837159225,267464.12645249505,0.0028491091064587336
186.5145957368703,274858.8214044529,0.0029273425874811135
186.5488069590408,275087.96443030017,0.0029292457473710297
186.5830173822874,261922.21029349367,0.002788540196688112
186.61722700646362,265759.9072683968,0.0028288793540002196
186.651435831423,288545.9184064598,0.0030708619598360087
186.68564385701893,317695.01728643966,0.0033804629142675634
186.719851083105,333037.3128085782,0.0035430648030120924
186.75405750953462,339860.54614697705,0.00361499248696507
186.7882631361614,351500.3920132362,0.0037381172920547667
186.82246796283877,353229.8092199307,0.0037558214350671233
186.85667198942033,341047.48694302526,0.0036256254647742754
186.8908752157595,341676.5334783389,0.0036316480096682258
186.9250776417099,351001.42748199863,0.0037300788061162657
186.95927926712494,355414.22082497313,0.003776282447695744
186.9934800918582,353568.3734309188,0.0037559831968332776
187.02768011576322,344826.39686351083,0.0036624466875857732
187.06187933869353,333990.579500047,0.003546709501935634
187.09607776050265,343830.7264352167,0.003650536507648646
187.1302753810441,369662.6414734542,0.003924083139009026
187.1644722001715,368313.08145888726,0.003909042790840895
187.19866821773837,355048.5924585929,0.003767573511900568
187.2328634335982,345444.48068599217,0.0036649906692863086
187.2670578476046,333874.4429667829,0.003541591637142242
187.3012514596111,318371.7221910127,0.0033765291384490565
187.3354442694713,315591.7156151497,0.003346434539411023
187.36963627703867,338503.8123115838,0.003588732145171752
187.4038274821669,371873.9789016894,0.0039417949464225065
187.4380178847095,380688.9069598699,0.004034495479802192
187.47220748452003,351481.6017563502,0.0037242806276505482
187.50639628145208,315016.8951713487,0.003337293894927914
187.54058427535927,329981.35103195073,0.003495190296273995
187.57477146609511,350016.72108825017,0.003706730917187903
187.6089578535133,337941.98706165777,0.0035782054816286555
187.64314343746727,344578.23152788664,0.003647806831776127
187.67732821781078,349216.5711423847,0.0036962362841547777
187.7115121943973,331696.7560853822,0.003510160786504519
187.74569536708054,327759.5886523702,0.003467864436282481
187.77987773571402,342207.545480897,0.0036200721275335248
187.81405930015143,348178.538440451,0.003682566455723751
187.8482400602463,337480.70013200975,0.003568769554343057
187.88242001585223,323154.23015086807,0.0034166492291255626
187.91659916682298,323984.4960309507,0.0034248044421851553
187.95077751301199,325936.5097111168,0.003444812420053369
187.98495505427303,319168.7230965004,0.0033726706057225354
188.01913179045968,314225.95286099456,0.0033198365596515235
188.0533077214256,317452.619397305,0.0033533171688660632
188.08748284702432,322949.0513578914,0.0034107572671785006
188.1216571671096,321829.0324070317,0.003398310974944232
188.155830681535,313962.5637134268,0.003314643915831119
188.1900033901543,305286.8267353798,0.0032224649992179458
188.22417529282095,323368.9471986483,0.0034127117213651253
188.25834638938872,353376.968007745,0.0037287279216500447
188.2925166797113,377248.62875993917,0.0039798921557470035
188.3266861636423,397671.7512932967,0.0041945905267419216
188.3608548410354,390647.63225303846,0.004119753562508077
188.39502271174425,355744.66309059993,0.00375098789856916
188.4291897756225,364543.6724380453,0.003843068079526277
188.46335603252388,393482.9931030572,0.004147398250483046
188.49752148230203,380533.4203229698,0.004010179890939514
188.53168612481065,371280.62305564823,0.003911961994877482
188.56584995990337,372853.18808527436,0.003927819412277903
188.600012987434,366168.51291729405,0.0038567010166757625
188.6341752072561,362989.84805988846,0.0038225290616448636
188.66833661922348,370651.4057253745,0.003902503716809943
188.70249722318974,387453.5238866766,0.004078670877798988
188.73665701900862,386400.7808596605,0.004066852593840609
188.77081600653383,372663.81589288847,0.0039215618391217405
188.80497418561907,366910.8351750279,0.003860324378750843
188.8391315561181,361010.4216662315,0.003797558206419756
188.87328811788456,357946.6577385761,0.003764648776917968
188.90744387077223,369326.4874525572,0.0038836320670297127
188.94159881463477,397472.4072311035,0.004178843370207194
188.97575294932597,415922.95604750153,0.00437203370124799
189.00990627469952,407605.3477886353,0.004283827760939957
189.0440587906092,405098.3093331769,0.004256710277078308
189.07821049690864,406411.8130085523,0.004269741021235702
189.1123613934517,393443.10823490995,0.004132746046881928
189.14651148009207,387342.3460034798,0.004067928745526988
189.18066075668352,424028.82922014775,0.004452411964399702
189.21480922307975,495611.66312547977,0.005203110965975292
189.24895687913457,498844.2247904516,0.00523610260949379
189.2831037247017,435921.15911504196,0.004574807194778793
189.31724975963493,370345.46173616126,0.003885917129676314
189.351394983788,358273.670610563,0.0037585737695480666
189.3855393970147,381385.6415289774,0.00400031524945496
189.41968299916874,415214.7854929517,0.004354360672621773
189.45382579010402,449136.8690742164,0.004709252985780401
189.4879677696742,455482.8039887444,0.004774930358040616
189.52210893773312,427138.83365693595,0.004476987392290328
189.55624929413455,396185.40854136273,0.0041518061129711716
189.59038883873228,391206.5395838071,0.004098892072445688
189.62452757138007,403319.1239957982,0.004225041681592726
189.65866549193177,411263.60420630686,0.004307490032909396
189.69280260024112,421289.0686955341,0.00441170060459492
189.72693889616198,418830.88017547963,0.004385169543054777
189.76107437954818,395625.8892884709,0.004141467593057444
189.79520905025345,372817.12635330064,0.00390200034552659
189.82934290813162,357096.1849638211,0.0037367888666011537
189.86347595303656,341877.6563811507,0.003576893298280002
189.89760818482202,335214.83475806675,0.003506553177988983
189.93173960334187,349542.399198717,0.0036557712336967906
189.96587020844987,371950.48599771265,0.0038894325411681784
189.96587020844987,373231.44540267845,0.003902827348759908
189.99999999999997,391603.87936834816,0.00409420966169878
