wavelength(nm),countrate,irradiance (watts/m^2)
175.00980094237246,91395.34981812739,0.0010373813188719
175.04427153707897,96577.4678106998,0.0010959849891060659
175.07874138213154,101591.21005160488,0.0011526551942971168
175.11321047738258,105759.69813339825,0.0011997147174004211
175.14767882268444,109141.2130230288,0.00123783022951653
175.1821464178895,110709.83530979228,0.0012553737863331392
175.2166132628501,108012.00481967433,0.0012245413075838557
175.25107935741875,105293.5539946654,0.0011934872331497122
175.28554470144778,104274.28129940646,0.0011817015277330173
175.32000929478957,105832.80153353805,0.0011991278839205575
175.35447313729657,105937.05770061065,0.0012000732413758454
175.38893622882114,105259.00149084587,0.0011921578044349216
175.42339856921566,107922.62818943817,0.0012220857687317008
175.4578601583326,113455.7862141853,0.001284489372911061
175.49232099602435,120298.46839648935,0.0013616913372268208
175.52678108214334,124329.4401349311,0.001407042720983665
175.56124041654198,121853.00762116493,0.0013787461310260677
175.5956989990727,113448.13924994312,0.0012833945693007797
175.63015682958786,109543.3887140264,0.0012389785192346322
175.66461390794,110135.39363815993,0.0012454299838802053
175.6990702339815,113819.4816406826,0.0012868378738486626
175.73352580756477,116867.42313245205,0.0013210386983897474
175.7679806285423,118355.03691676828,0.0013375920422807393
175.8024346967664,116023.02871204527,0.0013109798219939663
175.8368880120897,115837.21142414637,0.001308623754644863
175.87134057436458,119666.83448764692,0.001351622532825213
175.90579238344344,123620.99772576585,0.0013960108644887636
175.9402434391788,123446.37653856186,0.001393765957104826
175.97469374142307,119536.42078967876,0.0013493565581653051
176.00914329002876,117951.01598405754,0.0013311995170198262
176.04359208484829,119674.67847638494,0.001350388535252555
176.0780401257341,122397.87434883967,0.0013808464074678002
176.11248741253877,125009.90271943035,0.001410038466160735
176.14693394511468,125505.33538082089,0.0014153498225077234
176.18137972331434,129569.77456454637,0.0014608996692506884
176.21582474699025,140608.87984945328,0.0015850557281521856
176.25026901599483,135630.7784711502,0.0015286397911144242
176.28471253018066,119650.19079409652,0.0013482655506193706
176.31915528940013,105948.47656723569,0.0011936360152163036
176.35359729350577,110221.45619465492,0.0012415337096704157
176.38803854235016,113792.0519917138,0.0012815026026553615
176.42247903578567,114657.38362835911,0.0012909957166926968
176.4569187736649,124644.30417450579,0.0014031704831542462
176.4913577558403,122798.68972825036,0.0013821239194004523
176.52579598216442,111960.23043639795,0.001259889044605639
176.56023345248974,107815.2309621453,0.0012130087050041581
176.59467016666878,100603.75364401122,0.0011316530219073046
176.62910612455408,96977.7035668734,0.0010906522987663232
176.66354132599812,110590.09413191592,0.0012435005743223011
176.6979757708535,136834.83641557558,0.0015383026824884402
176.73240945897268,156252.11611623445,0.0017562502684763204
176.76684239020824,157534.34956547414,0.0017703174669499444
176.80127456441264,149210.29082240406,0.0016764479715079058
176.83570598143854,139220.02223769526,0.0015638980298908313
176.87013664113837,132444.65302344816,0.0014874987618985983
176.90456654336475,130804.05802452515,0.0014687871630110338
176.93899568797013,127063.03618616346,0.0014265019350522758
176.97342407480724,126172.21298888826,0.0014162253408984632
177.00785170372845,137640.6854969375,0.0015446532055835357
177.04227857458645,153634.42316146186,0.00172380540483206
177.07670468723373,142058.02230311985,0.0015936062604972971
177.11113004152284,139063.08958471945,0.0015597058973250005
177.1455546373064,156357.38870940325,0.0017533347674740009
177.17997847443698,168021.89298003516,0.001883770202924381
177.2144015527671,155077.01994073766,0.0017383015947709014
177.24882387214933,156389.86509288655,0.001752677200526386
177.2832454324364,177470.7779139929,0.001988546970887047
177.3176662334807,185479.01443218839,0.00207787523590978
177.35208627513498,179572.72803742334,0.002011318152127335
177.38650555725172,167862.06762129712,0.0018797871831539319
177.42092407968354,160072.44698152514,0.0017922081229494414
177.45534184228308,158398.01779993039,0.0017731168610113548
177.4897588449029,138579.3101819792,0.0015509642600955945
177.52417508739558,114858.91035488689,0.001285238962790035
177.55859056961378,109843.71846508302,0.0012288821378860046
177.5930052914101,121315.40649004481,0.0013569592177393396
177.62741925263717,130572.6982791743,0.0014602226049379482
177.66183245314753,135969.21322638457,0.0015202784579085313
177.69624489279386,130925.0210729275,0.001463595604393136
177.73065657142882,130659.52538349034,0.0014603448565539935
177.76506748890495,140306.23751909024,0.0015678598939184146
177.79947764507497,136495.26656826775,0.0015249787943836452
177.8338870397914,140007.11090216285,0.0015639118376599263
177.86829567290698,144794.16777215415,0.0016170714878974252
177.90270354427432,154162.86724376577,0.0017213687934797724
177.937110653746,168613.78532848254,0.001882362396325725
177.97151700117476,163470.2022613425,0.0018245879065191101
178.00592258641325,156362.1977827746,0.0017449139236438043
178.04032740931402,163833.8021311908,0.0018279395109676458
178.07473146972987,174173.0577615037,0.0019429220298499592
178.10913476751327,175933.98552103274,0.001962186310852623
178.14353730251702,168927.7894121196,0.0018836825805927768
178.1779390745938,152782.1718866737,0.001703316849443043
178.21234008359622,142830.98701161626,0.0015920670670349104
178.24674032937696,146726.18297515842,0.0016351692729695824
178.28113981178873,150406.06006770497,0.0016758557246966837
178.31553853068414,149471.5416946395,0.0016651218464611344
178.34993648591595,158061.23270173365,0.0017604719103299382
178.38433367733677,168280.36133388052,0.001873930240731419
178.41873010479938,165706.48713970894,0.0018449124476732316
178.45312576815638,159575.17339783857,0.0017763063156703246
178.48752066726055,161293.43602110707,0.0017950871216430753
178.5219148019645,163184.4262943874,0.001815782670429303
178.55630817212102,160766.02738173152,0.0017885281364629908
178.59070077758275,162901.74792240388,0.0018119391018040175
178.62509261820244,170818.39372616832,0.0018996293066485181
178.65948369383273,168316.7988056892,0.0018714493711525866
178.69387400432643,154286.50964388417,0.0017151218684830856
178.72826354953622,155988.62922319732,0.0017337097838117511
178.7626523293148,162114.43617846328,0.0018014474374048893
178.79704034351494,164373.0172037531,0.0018261939338762054
178.8314275919893,162489.1297787974,0.0018049167015749767
178.86581407459067,158512.98072875183,0.0017604114455290433
178.90019979117176,169124.71888106148,0.0018779021384413095
178.93458474158533,186293.11565404988,0.0020681365536361416
178.96896892568407,190544.3790884952,0.0021149256297539687
179.00335234332076,179358.55616861815,0.0019903874703710855
179.03773499434817,167602.5421447297,0.0018595708125936116
179.07211687861906,177122.43745647516,0.001964817903694318
179.1064979959861,188473.12578983972,0.0020903296716006906
179.14087834630215,184919.60448381133,0.002050524444614103
179.1752579294199,182945.65104471054,0.0020282465502787853
179.20963674519214,179902.81760209208,0.0019941292328033698
179.2440147934716,167918.15251181467,0.0018609284643840705
179.27839207411105,152583.26307967465,0.0016906575342245799
179.3127685869634,145293.1361142387,0.001609572621722222
179.34714433188125,145297.49314791927,0.0016093123708701752
179.38151930871751,143524.65617182126,0.0015893718304646441
179.41589351732486,142247.42984198316,0.0015749262087445732
179.45026695755618,138311.05082256018,0.001531050326717538
179.4846396292642,152306.61624317672,0.0016856529951228393
179.51901153230176,154099.00004111178,0.0017051636526680789
179.55338266652154,151621.07435988137,0.0016774233054368283
179.5877530317765,163982.41266903153,0.001813832793602835
179.6221226279193,167770.6298497472,0.0018553797192050413
179.6564914548029,165100.74888661352,0.0018255041455757816
179.69085951228,160508.85942102486,0.001774392597312857
179.72522680020342,154097.51636786276,0.0017031907631517608
179.75959331842606,161800.03772613956,0.0017879823855885125
179.79395906680065,167589.0953470735,0.0018516007809334328
179.82832404518,169859.95387511197,0.0018763316286636049
179.86268825341702,168907.5101719482,0.0018654541289858547
179.89705169136448,164050.1253554466,0.00181146194608679
179.93141435887526,173530.2897827703,0.0019157771658923901
179.96577625580215,176576.14344599657,0.001949031228126812
180.00013738199803,175512.04295641847,0.0019369159666398244
180.03449773731572,184233.21794805318,0.002032773080199887
180.06885732160808,181529.3135870161,0.0020025568370089075
180.1032161347279,186408.00375736473,0.002055984242467201
180.13757417652806,196434.88285513775,0.0021661623171893673
180.1719314468615,183762.12934478003,0.002026028614190517
180.20628794558104,183045.1256881954,0.002017738692207044
180.24064367253942,183296.4464129165,0.0020201239149869655
180.2749986275897,187484.05591896403,0.0020658821045474113
180.3093528105846,195062.39072074907,0.002148978064507123
180.34370622137712,187116.8062960232,0.002061049869284622
180.37805885982002,179828.12926565166,0.001980389485107825
180.41241072576625,186496.72599433534,0.0020534375368356853
180.44676181906863,196545.28126546324,0.0021636660120739957
180.4811121395801,200885.16389584864,0.002211020654311685
180.51546168715353,202320.4416953071,0.0022263941508750148
180.54981046164184,199476.31430554893,0.00219467892241799
180.5841584628979,193088.07600640447,0.0021239901569356187
180.6185056907746,195426.8379446114,0.0021493079966825967
180.65285214512488,195418.26887844803,0.0021488051366811965
180.68719782580158,184307.32827626143,0.002026244809011021
180.7215427326576,180232.27170486472,0.001981067739353974
180.75588686554602,210311.70677906877,0.0023112540859210736
180.79023022431957,314760.4749441708,0.0034584534017178077
180.82457280883128,385280.6472982253,0.004232494880449037
180.85891461893402,301427.4035121928,0.0033106975444780473
180.89325565448073,194142.01342346985,0.0021319344555492284
180.92759591532433,181387.3260147091,0.0019914931657540598
180.9619354013178,192263.27879690734,0.0021105021858344795
180.99627411231393,197842.04039173436,0.002171329045488977
181.03061204816584,207033.87611794437,0.0022717790369928157
181.06494920872635,217006.45529641502,0.0023807563984579363
181.09928559384852,216348.65461860952,0.0023730897095424887
181.1336212033852,189967.4195528505,0.0020833236702580537
181.16795603718936,186441.76115851646,0.002044271182031972
181.202290095114,192726.11490636927,0.002112776603474858
181.23662337701202,195518.77186361176,0.0021429853035755137
181.27095588273642,205561.42322006603,0.0022526311499474075
181.30528761214012,211109.83272386994,0.0023129949569212454
181.33961856507617,195519.83100070636,0.002141779757552087
181.3739487413975,179274.10597652692,0.0019634477630896593
181.4082781409571,182339.95356588077,0.001996647657760289
181.4426067636079,180527.78863583278,0.0019764301937803155
181.47693460920294,180950.52513082768,0.0019806836075641873
181.51126167759517,198481.29153292647,0.0021721644218176063
181.5455879686376,204656.21794710486,0.0022393188688533626
181.57991348218317,204581.7724274002,0.0022380811341991716
181.61423821808495,215686.9097837287,0.002359123024061
181.64856217619595,291466.3855805285,0.00318737531703083
181.6828853563691,466632.9384525716,0.005101971957579801
181.7172077584574,580751.2422636631,0.006348495073627648
181.75152938231392,532448.4656145708,0.00581937307310686
181.78585022779166,340740.72080284014,0.0037234082471474606
181.82017029474363,233631.90467278176,0.0025525060710200505
181.85448958302285,213660.99388655394,0.002333876716280952
181.88880809248226,227499.35601496714,0.0024845680085643276
181.92312582297504,248127.2968570154,0.0027093388787883944
181.95744277435412,237498.10667561248,0.002592788080537353
181.99175894647257,218874.86688669908,0.0023890259483183803
182.02607433918334,206496.31578878366,0.0022534887740604578
182.06038895233957,195616.41021852894,0.0021343542979959155
182.0947027857943,204940.13226376072,0.002235663283093299
182.12901583940052,222808.6980767448,0.002430131049956811
182.1633281130113,244224.1953413517,0.002663203969817542
182.19763960647973,246699.7271652436,0.002689692408472258
182.23195031965878,234816.73557502325,0.0025596537266060013
182.2662602524016,231746.87783832915,0.0025257147672618782
182.30056940456123,243570.44971819822,0.0026540754644651795
182.33487777599066,262154.4086043586,0.0028560388427820407
182.3691853665431,270030.95416020177,0.002941296371766491
182.40349217607147,266068.68257086887,0.002897592472823215
182.43779820442893,274252.8157556426,0.002986159268222424
182.47210345146854,282668.6384968769,0.003077215015976806
182.5064079170434,257607.2827173584,0.0028038625085713724
182.54071160100656,243904.87300335444,0.002654223147573121
182.57501450321118,251602.06119590512,0.0027374711141292234
182.60931662351032,237937.32257020703,0.002588310257371564
182.64361796175703,218380.533712319,0.0023751230584674156
182.67791851780444,224400.50064674925,0.002440138411089681
182.71221829150568,243266.29709026482,0.002644789112947516
182.74651728271377,245178.4122726943,0.002665077320934445
182.7808154912819,222955.0529141887,0.0024230557306250426
182.8151129170632,200813.6904452807,0.0021820159294345396
182.84940955991073,217992.0120540404,0.0023682290928593677
182.88370541967765,242881.54554510635,0.0026381300432790824
182.91800049621702,250892.7872440272,0.002724635589894329
182.95229478938202,245472.34600634134,0.0026652711989627654
182.98658829902578,240433.09319647987,0.002610067134071903
183.02088102500136,238641.42334368944,0.0025901319160711355
183.05517296716204,231704.9245955827,0.002514374435830347
183.08946412536082,230290.2556254189,0.002498554935268568
183.1237544994509,224237.05988549822,0.002432424678360795
183.15804408928545,244689.10628768604,0.0026537825370708448
183.1923328947176,263981.0920947529,0.0028624784267456587
183.22662091560048,255049.41578063124,0.002765110268726543
183.26090815178725,246600.69065039846,0.002673013477746075
183.2951946031311,254855.7462098657,0.0027619769193137195
183.32948026948512,245713.15334996308,0.002662396860979729
183.36376515070256,243102.04404023345,0.002633611965705294
183.39804924663662,258488.2960376335,0.0027997732906584415
183.43233255714037,271352.0809367702,0.002938555936724402
183.46661508206705,267124.4180348035,0.002892232719635139
183.50089682126975,282463.8580034715,0.0030577458809757257
183.53517777460178,285695.5150455359,0.0030921517578966283
183.56945794191628,268842.0694956533,0.0029091994627984553
183.6037373230664,253023.12801789618,0.002737508003630934
183.63801591790536,242556.393493495,0.0026237764462665597
183.67229372628637,238880.34111451125,0.0025835296810305356
183.70657074806263,258863.20127267166,0.0027991251844256327
183.74084698308735,280216.1279540061,0.0030294522252197415
183.77512243121367,277029.8375295426,0.0029944462428712747
183.80939709229492,257669.12881014438,0.0027846548475411394
183.8436709661842,244918.63819143627,0.0026463656270063482
183.8779440527348,266894.343626127,0.002883277380092225
183.91221635179983,299512.49383940746,0.0032350504619792324
183.94648786323268,287030.9228574113,0.00309965873389679
183.98075858688642,257697.53517097753,0.0027823678968460046
184.01502852261441,230395.7480384587,0.002487126420102983
184.04929767026982,225671.71980517916,0.002435676850264726
184.08356602970588,239839.44020382443,0.0025881072979308272
184.11783360077584,218771.01843937015,0.002360318588940233
184.15210038333296,194384.11809146334,0.0020968182902889416
184.18636637723046,197119.94203037192,0.002125933996279401
184.2206315823216,216710.88189420922,0.0023367871022842933
184.25489599845966,228325.37737056523,0.0024615680240181272
184.28915962549786,247466.2225412948,0.002667428787027264
184.32342246328946,262935.7746374388,0.002833647658694246
184.35768451168778,248496.74214577355,0.002677541118231296
184.39194577054607,225188.5163059382,0.002425945202044739
184.42620623971752,229696.34424739322,0.0024740481344603564
184.46046591905548,257299.82869532407,0.0027708491978006957
184.4947248084132,260671.8975471363,0.0028066415783423748
184.528982907644,234926.88271764643,0.0025289766664565033
184.56324021660112,206473.15118573813,0.002222261049397352
184.5974967351379,199975.24512692323,0.0021519249690208995
184.63175246310755,218345.8889473661,0.002349174737133911
184.6660074003634,235769.37989138125,0.002536162846240174
184.7002615467588,226604.71110934476,0.002437126761066812
184.73451490214705,193886.7409188937,0.002084859343937432
184.76876746638132,172068.32714122735,0.00184990347862364
184.80301923931506,171038.77815451674,0.0018384940026153816
184.83727022080154,181991.81926687885,0.0019558656289457234
184.87152041069407,202283.53065842518,0.002173537846068682
184.90576980884595,235237.30461121674,0.002527158177767703
184.94001841511056,267573.2489787684,0.002874011422445003
184.97426622934114,276449.617280693,0.0029688029588278773
185.0085132513911,258975.34314717344,0.002780631244622042
185.04275948111368,221218.2679112012,0.002374792045821003
185.07700491836226,180643.06418397112,0.001938855857425793
185.11124956299025,188539.64108773088,0.002023236065058394
185.1454934148509,214576.41295683195,0.0023022131480912415
185.17973647379762,218648.97112338047,0.002345474257118681
185.21397873968368,216054.2669150014,0.00231721206350427
185.24822021236253,209966.25860066348,0.002251501080827441
185.28246089168744,207166.71717988665,0.002221070624162468
185.3167007775118,221935.5477445796,0.0023789702111658094
185.35093986968897,243691.71121584318,0.0026116962133213573
185.38517816807231,264986.1322823266,0.0028393885843518377
185.41941567251524,285601.06278793333,0.0030597173238547256
185.45365238287107,305948.4090915975,0.0032770985566162292
185.4878882989932,320184.6753863772,0.0034289541603116317
185.52212342073503,314918.30277178506,0.0033719326384854787
185.55635774794987,294448.522613576,0.0031521743786611057
185.59059128049122,283409.51961429644,0.0030334383491692905
185.62482401821234,297383.6678187286,0.0031824218896247753
185.65905596096675,315472.650035193,0.0033753768735293394
185.69328710860773,311680.7225922775,0.0033341906731909374
185.72751746098876,281203.1620613901,0.003007603908321538
185.76174701796322,250587.2966917738,0.0026796585507314528
185.79597577938455,247616.26298431255,0.00264739994851407
185.83020374510608,268899.8701587449,0.002874425015651322
185.86443091498128,280805.7667883013,0.003001141210977052
185.89865728886357,267440.1458089312,0.002857768479465449
185.93288286660632,249259.63321159407,0.0026630078271936935
185.96710764806303,245962.39257346297,0.002627297585865498
186.00133163308706,259830.04132258933,0.0027749170365462495
186.0355548215319,272546.305987417,0.002910187966698488
186.06977721325092,276569.2992077647,0.00295260143137827
186.10399880809763,273487.5349883543,0.002919164213477075
186.1382196059254,267269.4757410331,0.00285226912280257
186.17243960658772,263221.316495567,0.0028085513033078388
186.20665880993798,269065.98229109606,0.002870385852217636
186.2408772158297,282259.82836680213,0.0030105840672657222
186.27509482411634,298408.0997310839,0.003182236906780859
186.30931163465127,310683.28352763224,0.0033125315209023326
186.34352764728803,305332.039932539,0.003254878344021892
186.37774286188008,285246.2913495979,0.0030402034889965342
186.41195727828085,270002.22064656334,0.0028772014065375725
186.44617089634383,265353.0240583679,0.0028271396867477145
186.4803837159225,265637.5896140791,0.002829652281318718
186.5145957368703,273948.370242771,0.0029176459641535647
186.5488069590408,272956.1469707057,0.002906545309565178
186.5830173822874,260382.9835516699,0.0027721529050697973
186.61722700646362,263938.94491776306,0.0028094961338182636
186.651435831423,287454.10705424595,0.0030592423120262354
186.68564385701893,315263.8349627207,0.0033545936961937245
186.719851083105,330817.75627327274,0.0035194517352383436
186.75405750953462,337664.8647131033,0.003591637696368724
186.7882631361614,350112.3856572492,0.0037233561973911747
186.82246796283877,351021.6140486669,0.003732342140453342
186.85667198942033,337684.6962055916,0.003589876133091373
186.8908752157595,338636.202912156,0.00359933261962078
186.9250776417099,348457.9108376535,0.0037030489515765363
186.95927926712494,353388.92478407774,0.0037547636410681737
186.9934800918582,351561.0225450154,0.003734658958682564
187.02768011576322,342240.59153441875,0.0036349825077885887
187.06187933869353,331527.88702289475,0.0035205577020191925
187.09607776050265,342442.64801549126,0.0036357989331473116
187.1302753810441,365886.7367048457,0.0038840007434011257
187.1644722001715,364802.28764362785,0.0038717814391688115
187.19866821773837,351574.3359508223,0.003730706679950654
187.2328634335982,344178.5869617485,0.003651560179158205
187.2670578476046,330237.15255299077,0.003503008877716641
187.3012514596111,315922.4967520944,0.0033505535869640646
187.3354442694713,312526.0185671315,0.003313926859452247
187.36963627703867,336651.3232578822,0.0035690925228874446
187.4038274821669,369024.1437145582,0.003911587223978607
187.4380178847095,378674.09681727964,0.004013142763018677
187.47220748452003,349238.7628750148,0.003700515624432857
187.50639628145208,313200.85436476086,0.0033180547303317777
187.54058427535927,327818.3845508129,0.0034722799729105785
187.57477146609511,346621.32599960687,0.0036707731609069713
187.6089578535133,336065.332870617,0.0035583350465522405
187.64314343746727,342436.14150753326,0.0036251300347658316
187.67732821781078,346724.169218521,0.0036698557879614106
187.7115121943973,328931.95903501095,0.0034809024895486136
187.74569536708054,326390.43730436557,0.0034533781132822725
187.77987773571402,339953.222882903,0.00359622458088753
187.81405930015143,345214.2287191195,0.0036512139559601317
187.8482400602463,333556.43378777726,0.003527271470906132
187.88242001585223,320695.0374808936,0.0033906486450198964
187.91659916682298,322270.73475638765,0.0034066884604086454
187.95077751301199,322388.71774595586,0.003407315921621254
187.98495505427303,315667.69084937125,0.003335675036623463
188.01913179045968,312859.9779211084,0.003305404863275993
188.0533077214256,314726.80025609926,0.0033245237818630433
188.08748284702432,319671.3489682817,0.0033761405150994845
188.1216571671096,319317.4943631149,0.0033717907221416884
188.155830681535,311441.3180286364,0.0032880259918004243
188.1900033901543,302929.05396490655,0.0031975774522831255
188.22417529282095,321434.6074336766,0.0033922974421147236
188.25834638938872,350464.0406025568,0.003697991584161216
188.2925166797113,375865.78714172024,0.003965303473139777
188.3266861636423,395519.5137102736,0.004171889001306216
188.3608548410354,388122.37934400135,0.004093122351131629
188.39502271174425,352934.6513531322,0.0037213590070757285
188.4291897756225,363366.2864391958,0.003830655919086902
188.46335603252388,390138.6015102587,0.0041121476193655025
188.49752148230203,377977.4810216703,0.003983244605255974
188.53168612481065,369511.4579940851,0.003893321360129187
188.56584995990337,370050.8866260313,0.003898298586327093
188.600012987434,362770.846569422,0.0038209148067863204
188.6341752072561,360312.29210054653,0.003794332583083633
188.66833661922348,367689.44365884416,0.0038713178969394823
188.70249722318974,384806.626338472,0.004050807345063286
188.73665701900862,382878.4976421005,0.004029780705404706
188.77081600653383,370475.2083992257,0.003898531002045703
188.80497418561907,363147.4414176371,0.0038207291439533633
188.8391315561181,357891.3708330504,0.003764748136746095
188.87328811788456,354931.89710443944,0.003732941496828508
188.90744387077223,368146.17646839406,0.003871220572747835
188.94159881463477,394877.9582397376,0.004151566518356176
188.97575294932597,413007.99780818704,0.0043413927003734
189.00990627469952,404803.71326997987,0.004254383300036449
189.0440587906092,401282.9871825184,0.004216619462984795
189.07821049690864,402337.9815447586,0.004226941563252933
189.1123613934517,389843.5464257177,0.004094936069972727
189.14651148009207,384783.1659159835,0.004041051843607225
189.18066075668352,423516.2906810093,0.0044470301776752645
189.21480922307975,493367.86091754376,0.005179554716713589
189.24895687913457,493861.4227697039,0.005183800785864605
189.2831037247017,430082.0629072643,0.00451352836308231
189.31724975963493,365737.3478276391,0.0038375656561934735
189.351394983788,355657.59655362397,0.0037311290865133092
189.3855393970147,378557.3800563403,0.003970649902188402
189.41968299916874,412737.2947183283,0.004328379207672263
189.45382579010402,448233.70687049604,0.004699783223671401
189.4879677696742,452360.56427062216,0.004742199205328405
189.52210893773312,422335.8060502947,0.004426645226358803
189.55624929413455,392797.02696981514,0.0041162977297280225
189.59038883873228,388342.47512429743,0.004068883649987958
189.62452757138007,401131.13807229436,0.0042021210433796025
189.65866549193177,408482.60219424556,0.004278362392325753
189.69280260024112,418879.5176230976,0.004386468006094357
189.72693889616198,415353.11640673346,0.004348757271470945
189.76107437954818,392111.8533347242,0.004104682169208024
189.79520905025345,370041.99930940144,0.0038729551490515944
189.82934290813162,354631.56030175276,0.003710998106617256
189.86347595303656,339970.07792463317,0.0035569352680615727
189.89760818482202,331219.3765738951,0.0034647582299720176
189.93173960334187,345999.4505888041,0.003618716473987305
189.96587020844987,369941.1904874075,0.0038684216280579537
189.96587020844987,371081.8896251792,0.0038803497542821493
189.99999999999997,388632.55628425314,0.004063144546361942
