wavelength(nm),countrate,irradiance (watts/m^2)
174.97532959815968,92462.1087382954,0.0010496963039931062
175.00980094237246,91544.36767603942,0.001039072743460611
175.00980094237246,92128.65190459853,0.0010457046513730472
175.04427153707897,96597.41943796887,0.001096211405106514
175.07874138213154,101965.21069772328,0.0011568986105060573
175.11321047738258,106662.79184856979,0.0012099592135592179
175.14767882268444,109987.96254648075,0.0012474336792851922
175.1821464178895,111406.04490099588,0.0012632683267607809
175.2166132628501,109306.77602585967,0.00123922023913865
175.25107935741875,106814.29897514,0.0012107246579512807
175.28554470144778,105084.03763926747,0.0011908781942319953
175.32000929478957,106295.85091778514,0.0012043744182675385
175.35447313729657,107231.4424142509,0.0012147362544196428
175.38893622882114,106478.6983886672,0.001205972026070961
175.42339856921566,107825.84235967284,0.0012209897929650294
175.4578601583326,113061.75150387998,0.0012800283100174524
175.49232099602435,119636.11324894223,0.001354193957762189
175.52678108214334,124934.80749501656,0.0014138936947884612
175.56124041654198,124509.59413251205,0.0014088049571950795
175.5956989990727,116198.73173048755,0.0013145109496595
175.63015682958786,110250.699865877,0.0012469784846715767
175.66461390794,110694.80173669642,0.0012517558669240495
175.6990702339815,114333.37962043927,0.0012926479809947564
175.73352580756477,117665.37904431862,0.0013300585827247505
175.7679806285423,119349.81441710732,0.0013488345419914122
175.8024346967664,117415.85504698678,0.0013267177943682435
175.8368880120897,116426.4782227688,0.0013152807564927173
175.87134057436458,119662.13270739421,0.0013515694267815783
175.90579238344344,124732.85984993303,0.0014085667541329661
175.9402434391788,124639.6542513903,0.0014072386073368294
175.97469374142307,120478.418779065,0.0013599900634715524
176.00914329002876,118976.95731362453,0.0013427783287071695
176.04359208484829,120799.00899049925,0.0013630752878340062
176.0780401257341,123165.52907535521,0.0013895067970123407
176.11248741253877,126414.06242760536,0.0014258765650480164
176.14693394511468,126421.97195379266,0.0014256869241689645
176.18137972331434,130060.70010961875,0.0014664348565181918
176.21582474699025,141054.7665612872,0.0015900821197104996
176.25026901599483,139506.73480353842,0.0015723241313880503
176.28471253018066,122644.50020733988,0.001382006610311609
176.31915528940013,108299.78666186194,0.0012201263292144144
176.35359729350577,109307.46864945337,0.0012312385603704225
176.38803854235016,114896.73982509866,0.0012939433690254724
176.42247903578567,114728.94183335247,0.0012918014331081357
176.4569187736649,124341.67046172061,0.0013997636151405017
176.4913577558403,125836.10300066178,0.0014163106159050685
176.52579598216442,114283.66993972694,0.0012860347211966774
176.56023345248974,109663.73925118089,0.0012338059209991762
176.59467016666878,102763.7161672307,0.0011559496115281767
176.62910612455408,97070.59063621623,0.0010916969460613023
176.66354132599812,108233.26260283809,0.0012169998159768625
176.6979757708535,135245.87527693753,0.0015204395180636052
176.73240945897268,156551.32509549975,0.0017596133323709196
176.76684239020824,159256.73120546137,0.0017896730063001482
176.80127456441264,151238.13006093295,0.0016992317014989033
176.83570598143854,141517.03865601704,0.0015897010673670581
176.87013664113837,134243.47824670715,0.0015077015426933505
176.90456654336475,131540.87769352086,0.0014770608457057408
176.93899568797013,128571.96944865567,0.0014434423158539449
176.97342407480724,127032.22864565256,0.001425878623010479
177.00785170372845,136938.24228383336,0.0015367701355672515
177.04227857458645,154800.68136580542,0.0017368910281885153
177.07670468723373,145993.9940635868,0.0016377599741484476
177.11113004152284,138288.96954157753,0.001551023510070902
177.1455546373064,155440.3917893239,0.0017430518982414513
177.17997847443698,169819.70786023544,0.001903926326877215
177.2144015527671,158555.86920189898,0.0017772969870021632
177.24882387214933,155198.7880791245,0.0017393286787097586
177.2832454324364,176646.0031068893,0.001979305430033912
177.3176662334807,186198.8156527625,0.0020859389898368066
177.35208627513498,182794.3995828175,0.0020474027320647346
177.38650555725172,170299.76783126223,0.0019070855339725456
177.42092407968354,162183.86531492654,0.0018158480507410315
177.45534184228308,161637.18719331303,0.0018093763164442702
177.4897588449029,143283.5208362552,0.0016036132636673536
177.52417508739558,117780.52881936406,0.001317931053228216
177.55859056961378,109956.88049158163,0.0012301481437623017
177.5930052914101,120587.80653814941,0.0013488207340123597
177.62741925263717,130797.52626631809,0.0014627369047370388
177.66183245314753,136434.76749669015,0.0015254838430934445
177.69624489279386,133660.05637738426,0.0014941702464031856
177.73065657142882,130339.9822334681,0.0014567734124192283
177.76506748890495,141055.9552040467,0.0015762376560962698
177.79947764507497,138725.94005002853,0.0015499007557263685
177.8338870397914,140227.03530619023,0.001566368444161071
177.86829567290698,146348.0697187981,0.0016344255745403366
177.90270354427432,153476.84490463862,0.0017137087293714929
177.937110653746,169645.78113543912,0.0018938833410479879
177.97151700117476,166478.24509230003,0.00185816245708388
178.00592258641325,158648.41904353735,0.001770426863260945
178.04032740931402,163500.88916478155,0.00182422510797451
178.07473146972987,175718.69285962527,0.001960163780789199
178.10913476751327,178884.35065144577,0.001995091642098139
178.14353730251702,172967.41644016292,0.0019287277155069203
178.1779390745938,156088.92486120388,0.001740182721873768
178.21234008359622,144193.4982562712,0.001607254312649221
178.24674032937696,146549.79280008876,0.0016332035175162668
178.28113981178873,151274.48144928546,0.0016855318570487682
178.31553853068414,150631.36709185503,0.0016780423702283235
178.34993648591595,157585.87655800142,0.00175517743600414
178.38433367733677,168910.29095272085,0.0018809449877459875
178.41873010479938,168030.10398215204,0.0018707827060453863
178.45312576815638,161456.0696023551,0.001797243456054145
178.48752066726055,161325.87436393666,0.0017954481385133042
178.5219148019645,164737.06032553184,0.0018330591105363073
178.55630817212102,162376.97283494193,0.0018064499655726486
178.59070077758275,163867.44691799002,0.0018226804707149814
178.62509261820244,172018.43489597063,0.0019129746690864512
178.65948369383273,170940.1675029511,0.0019006175928252187
178.69387400432643,157760.20708155987,0.0017537371333795613
178.72826354953622,156800.12746545524,0.0017427290466205522
178.7626523293148,163535.30872838118,0.0018172364520927038
178.79704034351494,166147.97753676274,0.0018459138480577107
178.8314275919893,166000.76362413805,0.0018439236590613005
178.86581407459067,158987.69006351623,0.001765683466422075
178.90019979117176,168408.4995948749,0.0018699494882431524
178.93458474158533,186321.57700395875,0.0020684525178514893
178.96896892568407,192571.67000787516,0.002137427314373975
179.00335234332076,182501.91317341675,0.002025270101737567
179.03773499434817,169663.28826411016,0.0018824350441662826
179.07211687861906,176204.875409705,0.001954639394618146
179.1064979959861,189825.55811114627,0.0021053293135825995
179.14087834630215,188075.5338639087,0.0020855197084068723
179.1752579294199,185943.59015684773,0.0020614835232672934
179.20963674519214,182118.4798453444,0.002018688697230773
179.2440147934716,171218.63168269952,0.0018975055440108499
179.27839207411105,156208.87599007558,0.0017308301564338095
179.3127685869634,146665.11460720748,0.0016247715435634984
179.34714433188125,145999.3715342241,0.0016170863630117797
179.38151930871751,145373.39297451125,0.0016098444814676963
179.41589351732486,143850.29675110223,0.0015926727304715756
179.45026695755618,139161.363794308,0.0015404629654435413
179.4846396292642,151066.0797584111,0.0016719233614885026
179.51901153230176,156565.24093193345,0.0017324535398485987
179.55338266652154,152651.25500888002,0.0016888204613845481
179.5877530317765,164416.9963366202,0.0018186397853710773
179.6221226279193,170013.10591202468,0.0018801793197696852
179.6564914548029,166620.25258681708,0.0018423051614563594
179.69085951228,163048.74720344506,0.0018024705370315005
179.72522680020342,155306.83539402665,0.0017165569811390066
179.75959331842606,162886.07692756818,0.001799983736079541
179.79395906680065,169064.01143112587,0.0018678963266990259
179.82832404518,171184.04130045007,0.0018909579549906703
179.86268825341702,171716.83087383062,0.0018964809252345056
179.89705169136448,166474.11371457225,0.001838227927891434
179.93141435887526,173621.1521595774,0.00191678028798101
179.96577625580215,178616.34380256763,0.0019715507719847204
180.00013738199803,176633.71063988123,0.0019492944679025692
180.03449773731572,184783.1145781552,0.002038840471732283
180.06885732160808,184297.87825507167,0.0020330985054323844
180.1032161347279,186711.0412902505,0.002059326590327437
180.13757417652806,196996.84831218034,0.002172359324456684
180.1719314468615,187605.7601822199,0.0020684057137964284
180.20628794558104,184120.0064007609,0.002029587291808352
180.24064367253942,185776.42865016207,0.002047455985653065
180.2749986275897,188448.06353123218,0.0020765044802212823
180.3093528105846,196526.03257829984,0.0021651028245623497
180.34370622137712,190045.0222182405,0.0020933035142841807
180.37805885982002,182743.26916524518,0.0020124929854242017
180.41241072576625,187668.9033556638,0.0020663438920585325
180.44676181906863,197589.79105879358,0.002175164483696191
180.4811121395801,203068.64016059882,0.002235052847759604
180.51546168715353,203552.41195673245,0.002239951117047618
180.54981046164184,201289.56502131562,0.0022146286750530666
180.5841584628979,195197.14202692691,0.0021471901160453077
180.6185056907746,197475.348767109,0.0021718375567900622
180.65285214512488,197932.79013386965,0.0021764546303593177
180.68719782580158,188140.29634763417,0.0020683838369615674
180.7215427326576,181481.00738715625,0.0019947935274815237
180.75588686554602,205282.30635247796,0.0022559826867977603
180.79023022431957,301641.3853458415,0.0033143064593266765
180.82457280883128,388038.52451711113,0.004262791500047492
180.85891461893402,322033.57795521506,0.0035370233872338824
180.89325565448073,204785.91554467365,0.0022488184894249408
180.92759591532433,180302.87119611533,0.001979586686909869
180.9619354013178,194338.78081767613,0.002133285275662899
180.99627411231393,196850.73314289472,0.0021604493850379053
181.03061204816584,208400.850171305,0.0022867788189452564
181.06494920872635,217584.13885661328,0.0023870941077686913
181.09928559384852,221533.9717916929,0.0024299665264834137
181.1336212033852,194631.06985889585,0.002134468719736853
181.16795603718936,186573.81812946763,0.002045719142287359
181.202290095114,195055.29752615184,0.0021383104681858634
181.23662337701202,196689.26790753973,0.002155814536268223
181.27095588273642,205662.6473945434,0.002253740408314
181.30528761214012,213601.16399434707,0.002340290874834131
181.33961856507617,199631.83589819926,0.002186823827032556
181.3739487413975,182381.15496947014,0.0019974768179928984
181.4082781409571,183679.6934051136,0.002011317993908235
181.4426067636079,183605.0949089604,0.002010120746795331
181.47693460920294,181125.31694331518,0.001982596877931765
181.51126167759517,198388.2260937576,0.002171145920606222
181.5455879686376,205807.56014363788,0.002251916689389017
181.57991348218317,206437.49986479475,0.0022583823981806553
181.61423821808495,213331.52024084158,0.002333360432780754
181.64856217619595,278302.04354633356,0.0030434146377189735
181.6828853563691,447491.4359529971,0.0048926866694417055
181.7172077584574,578664.6725511224,0.006325685690578871
181.75152938231392,555310.993451276,0.006069248107909549
181.78585022779166,369658.81951220706,0.004039407717280012
181.82017029474363,242047.8249970823,0.0026444527927277934
181.85448958302285,216429.40963240628,0.002364116868836177
181.88880809248226,225787.00310901407,0.002465867044640617
181.92312582297504,248745.52986670684,0.002716089457021923
181.95744277435412,242977.65902926572,0.0026526088438609007
181.99175894647257,222042.3039236252,0.002423598621638603
182.02607433918334,210396.87268239862,0.002296055447169223
182.06038895233957,198164.39218558255,0.0021621551162223705
182.0947027857943,205554.4888361185,0.0022423652131466068
182.12901583940052,221937.8137959295,0.0024206324848200073
182.1633281130113,244819.5950038991,0.002669696654715973
182.19763960647973,249510.20386200803,0.002720334184700945
182.23195031965878,238820.11582014276,0.0026032931509355635
182.2662602524016,233704.70200860559,0.002547052294932991
182.30056940456123,243735.79582002078,0.002655877165092247
182.33487777599066,263463.36586753826,0.0028702992658933097
182.3691853665431,272909.9927516487,0.0029726561312041983
182.40349217607147,268716.8183485053,0.0029264317117075186
182.43779820442893,274494.1098443852,0.0029887865615010013
182.47210345146854,287335.488070365,0.003128019730858542
182.5064079170434,264036.36635644326,0.0028738382731924284
182.54071160100656,246448.28842253683,0.0026819011188918634
182.57501450321118,253368.87952624293,0.0027566943832877697
182.60931662351032,242308.0388437648,0.0026358554244798995
182.64361796175703,221620.58697711697,0.0024103621207092075
182.67791851780444,223501.54514349342,0.0024303631394346136
182.71221829150568,244041.76392762802,0.002653219981807863
182.74651728271377,249843.35775933313,0.0027157850496638773
182.7808154912819,229370.80168657412,0.002492781518966616
182.8151129170632,202528.9793057694,0.00220065403926096
182.84940955991073,216565.34204451824,0.00235272998630668
182.88370541967765,243921.87104239134,0.0026494298476467514
182.91800049621702,253665.25300347197,0.0027547439041385306
182.95229478938202,248822.6609221709,0.0027016479965853587
182.98658829902578,243533.1428245692,0.0026437203119298093
183.02088102500136,242236.9309497983,0.0026291563187694333
183.05517296716204,234070.3921797528,0.0025400435977301367
183.08946412536082,233072.38818960337,0.0025287399338910074
183.1237544994509,226539.62454015616,0.0024574018837004085
183.15804408928545,243729.6914552924,0.002643377176707071
183.1923328947176,267126.5469623631,0.002896586160104094
183.22662091560048,258130.57650516706,0.002798514576409172
183.26090815178725,249949.74479249,0.002709315350364117
183.2951946031311,255827.65719771897,0.002772509919867953
183.32948026948512,250206.74964854933,0.002711086711387641
183.36376515070256,245015.46775515893,0.002654340773687912
183.39804924663662,257495.9272344137,0.002789024611850435
183.43233255714037,273754.45554173965,0.0029645719972362576
183.46661508206705,268872.9620664545,0.002911164707572704
183.50089682126975,283242.05041031935,0.0030661700193538696
183.53517777460178,289456.16043838783,0.00313285413385265
183.56945794191628,274466.90209529235,0.002970067019754476
183.6037373230664,256907.91960522346,0.0027795383434898045
183.63801591790536,246101.69067635998,0.002662126568106022
183.67229372628637,241557.45220892582,0.0026124830722538037
183.70657074806263,258368.8853377061,0.002793780074824027
183.74084698308735,282346.7564857956,0.003052486721463319
183.77512243121367,280803.79254695476,0.003035239341273354
183.80939709229492,262572.6703627551,0.0028376478887240345
183.8436709661842,246951.41655819598,0.00266832996110864
183.8779440527348,264550.0587356013,0.0028579519141962027
183.91221635179983,299997.3753460027,0.0032402876930603406
183.94648786323268,293099.11853895284,0.003165189428485501
183.98075858688642,265219.5990091172,0.0028635838422270106
184.01502852261441,236031.0527468065,0.00254795964009419
184.04929767026982,225579.25924259142,0.002434678922602138
184.08356602970588,241936.98756437423,0.002610741930612512
184.11783360077584,225298.42712056756,0.002430742743646584
184.15210038333296,198785.24110826326,0.0021442931320097836
184.18636637723046,197003.50552125086,0.0021246782312330094
184.2206315823216,215735.20739217495,0.002326266432660078
184.25489599845966,229470.52808877837,0.0024739138544426615
184.28915962549786,247597.8138654043,0.0026688472047913052
184.32342246328946,264971.71171759866,0.002855588866003897
184.35768451168778,253941.79830299783,0.002736211351193521
184.39194577054607,229014.10983969187,0.0024671581396777335
184.42620623971752,229117.15280884053,0.0024678096916904385
184.46046591905548,255792.3367946167,0.0027546150916804312
184.4947248084132,263820.85021404247,0.002840546197775211
184.528982907644,240964.50735120274,0.002593971407128384
184.56324021660112,210122.5957537419,0.002261539853778625
184.5974967351379,201958.6339134223,0.0021732681300218252
184.63175246310755,217649.6039559882,0.0023416834345979386
184.6660074003634,236629.8765387195,0.002545419178115411
184.7002615467588,231962.57669282932,0.002494750442109384
184.73451490214705,199370.78522830261,0.0021438291371623382
184.76876746638132,175051.9975943458,0.0018819808657987952
184.80301923931506,171877.96717840058,0.0018475144364849293
184.83727022080154,181791.65146742915,0.0019537144261029668
184.87152041069407,200629.6892157435,0.0021557673090636924
184.90576980884595,233229.41682699247,0.002505587406744253
184.94001841511056,267347.28963762085,0.002871584387119369
184.97426622934114,280591.41357121774,0.0030132818667863107
185.0085132513911,266198.40686208283,0.0028581856418997734
185.04275948111368,229388.74146261177,0.0024625025942476334
185.07700491836226,186347.88755390534,0.002000086164032594
185.11124956299025,187329.98313375187,0.0020102551153506542
185.1454934148509,214630.9622854214,0.0023027984136372898
185.17973647379762,221752.37850602315,0.0023787648877031395
185.21397873968368,217904.94652600787,0.002337060859742081
185.24822021236253,213277.14650239344,0.0022870042504268065
185.28246089168744,208677.91108090323,0.0022372723983984663
185.3167007775118,221467.25759868685,0.0023739505182027716
185.35093986968897,243240.68220180247,0.002606862438868418
185.38517816807231,265160.3915041534,0.0028412558128022907
185.41941567251524,286927.8788822786,0.0030739318444514218
185.45365238287107,307615.73084125965,0.0032949577039000995
185.4878882989932,323584.6466214953,0.0034653654766793798
185.52212342073503,319209.1196697181,0.00341787580983043
185.55635774794987,301590.80013729236,0.0032286349566110653
185.59059128049122,286827.0600646884,0.0030700175659724703
185.62482401821234,298121.32846202847,0.0031903158919940754
185.65905596096675,316482.0355447413,0.0033861767210122346
185.69328710860773,317360.44596414716,0.003394949261451671
185.72751746098876,289058.66130364407,0.0030916222744367173
185.76174701796322,256257.18218512082,0.002740289545775881
185.79597577938455,248846.80093878403,0.002660556298093253
185.83020374510608,267749.1732541024,0.0028621245561301465
185.86443091498128,284396.6653875914,0.0030395193180010934
185.89865728886357,272957.36725539126,0.0029167235084355154
185.93288286660632,254091.77830962892,0.0027146328739467663
185.96710764806303,248496.0751882152,0.0026543616347529707
186.00133163308706,259867.1220235848,0.0027753130487563676
186.0355548215319,273247.19913175155,0.002917671945566571
186.06977721325092,278928.4745751605,0.00297778754056175
186.10399880809763,278410.5420506871,0.0029717116395953026
186.1382196059254,271049.9454390817,0.0028926138608596857
186.17243960658772,265797.7304533916,0.0028360414430710105
186.20665880993798,269769.60686383274,0.002877892092886406
186.2408772158297,283006.27352498175,0.00301854565327428
186.27509482411634,298281.97026530636,0.0031808918566920996
186.30931163465127,313314.06705775246,0.003340581158041625
186.34352764728803,311304.27488467476,0.0033185431274996174
186.37774286188008,290486.1592773625,0.0030960508925876535
186.41195727828085,274761.37637517595,0.0029279159877862206
186.44617089634383,268740.1663326082,0.00286322717579046
186.4803837159225,268009.18044715095,0.002854915187148069
186.5145957368703,274684.1095886944,0.002925481845532965
186.5488069590408,276881.1046167248,0.0029483398152500163
186.5830173822874,263258.9318352507,0.002802771527993661
186.61722700646362,265028.523822657,0.002821094148358116
186.651435831423,285895.4460369998,0.0030426541972035604
186.68564385701893,315474.4178190286,0.0033568344223537066
186.719851083105,334089.5204584081,0.0035542588636959635
186.75405750953462,339215.7432543664,0.003608133916181296
186.7882631361614,351346.8448803851,0.0037364843573397624
186.82246796283877,355517.40924022,0.003780145025451628
186.85667198942033,343330.5177614183,0.0036498960282263762
186.8908752157595,341766.44053609605,0.003632603623400414
186.9250776417099,350540.44532831537,0.0037251799663201228
186.95927926712494,357086.511205643,0.0037940505628750293
186.9934800918582,356215.0606879514,0.0037840991529303225
187.02768011576322,348456.5883613683,0.003701003430768902
187.06187933869353,335717.67446382024,0.0035650498519177462
187.09607776050265,342532.4518503655,0.0036367524028419313
187.1302753810441,367577.78154645866,0.00390195170680882
187.1644722001715,369851.0077346072,0.003925365370525373
187.19866821773837,357168.34218416497,0.003790067089082838
187.2328634335982,349306.8476028957,0.0037059684225961933
187.2670578476046,335807.1455345719,0.0035620928866249577
187.3012514596111,320595.81334781,0.0034001170015476125
187.3354442694713,314793.52605546056,0.0033379707902713015
187.36963627703867,335692.6547694432,0.0035589289610724966
187.4038274821669,369722.2396552713,0.003918986910989105
187.4380178847095,383295.44636355253,0.004062119272483895
187.47220748452003,358738.3159361921,0.003801172390705381
187.50639628145208,317301.7133191172,0.0033614992939793547
187.54058427535927,327502.7031117908,0.003468936248488174
187.57477146609511,350579.9331207215,0.0037126954192471273
187.6089578535133,341278.9915375594,0.0036135384327416883
187.64314343746727,343106.0075102123,0.0036322214339239043
187.67732821781078,350842.9237991894,0.003713450197232408
187.7115121943973,333531.2988948446,0.0035295747244246155
187.74569536708054,328444.01652701094,0.003475106033989587
187.77987773571402,341628.4900286627,0.0036139465393324123
187.81405930015143,348325.9370083485,0.0036841254404451885
187.8482400602463,339577.6382058221,0.0035909441224064665
187.88242001585223,324704.1608030388,0.0034330363559951847
187.91659916682298,324422.392418842,0.003429433396696373
187.95077751301199,326947.75782926125,0.0034555002686783272
187.98495505427303,320283.12745148403,0.0033844465678985226
188.01913179045968,316548.7420517322,0.0033443771184613986
188.0533077214256,317237.5202392549,0.003351045032315206
188.08748284702432,323715.3987370229,0.0034188508809592675
188.1216571671096,323471.9851979453,0.0034156595169912885
188.155830681535,316140.88632332796,0.0033376414468113303
188.1900033901543,307362.29272017884,0.0032443726477221495
188.22417529282095,320743.1606046291,0.0033850001777402886
188.25834638938872,350496.70241623645,0.0036983362218361783
188.2925166797113,376778.9500246774,0.0039749371457835905
188.3266861636423,396738.53160863963,0.00418474704543881
188.3608548410354,396378.75654639554,0.004180193759184966
188.39502271174425,359581.0780006026,0.0037914392317705955
188.4291897756225,361344.76796865184,0.0038093448013973184
188.46335603252388,393384.39306939294,0.004146358984201442
188.49752148230203,384613.28361330566,0.00405317476300831
188.53168612481065,373678.82726314955,0.003937230439103009
188.56584995990337,374671.1388338648,0.003946970602261145
188.600012987434,368798.96767911053,0.0038844065052591257
188.6341752072561,364320.87226136954,0.003836545648387186
188.66833661922348,370145.217179639,0.0038971741736040463
188.70249722318974,386362.6739856379,0.004067187648329851
188.73665701900862,389236.48502410983,0.004096698265505397
188.77081600653383,374349.3340416913,0.003939298639341144
188.80497418561907,367411.7913884902,0.003865595014824026
188.8391315561181,363117.15218607074,0.003819719427520813
188.87328811788456,359211.9653510442,0.0037779564546199964
188.90744387077223,369879.9636841181,0.003889452115453683
188.94159881463477,395274.6741370989,0.0041557374081270994
188.97575294932597,417651.89704622416,0.004390207712092972
189.00990627469952,409979.4369879657,0.004308778830091075
189.0440587906092,405400.768592517,0.004259888472118789
189.07821049690864,408003.4545467479,0.004286462723088875
189.1123613934517,395953.34661183733,0.004159113716087062
189.14651148009207,386647.27031129494,0.004060628953966036
189.18066075668352,419475.05197548924,0.004404596129979628
189.21480922307975,492336.9114913807,0.005168731435778659
189.24895687913457,504757.4331824816,0.005298170414137605
189.2831037247017,443847.4978423521,0.004657990749143455
189.31724975963493,376763.9294384028,0.003953264069675225
189.351394983788,358578.3765878189,0.003761770375906516
189.3855393970147,379062.0860442344,0.003975943712022904
189.41968299916874,412749.8368394312,0.004328510736993448
189.45382579010402,447747.8317780211,0.0046946887660850745
189.4879677696742,457932.1213057294,0.00480060711139097
189.52210893773312,432278.3651992379,0.004530856570421869
189.55624929413455,399909.1968584436,0.004190829375224034
189.59038883873228,392063.1361408875,0.00410786711882614
189.62452757138007,404189.4086600629,0.004234158504382929
189.65866549193177,410612.5210749177,0.00430067072268994
189.69280260024112,420575.68149620394,0.00440423007907585
189.72693889616198,420524.2459610373,0.004402899124180617
189.76107437954818,399254.52940270875,0.0041794527094182864
189.79520905025345,377958.3156941742,0.003955809361171154
189.82934290813162,360384.94212087186,0.003771203659160943
189.86347595303656,344939.89901049936,0.0036089319967271827
189.89760818482202,335535.94943694095,0.00350991223487117
189.93173960334187,348063.6440542441,0.0036403053258949394
189.96587020844987,370956.9244484562,0.0038790430114678327
