wavelength(nm),countrate,irradiance (watts/m^2)
174.97532959815968,91909.15871126812,0.0010434188179225012
175.00980094237246,91489.61598612033,0.0010384512853622314
175.00980094237246,91744.43747283198,0.0010413436321882776
175.04427153707897,96687.30655314476,0.001097231466319342
175.07874138213154,102107.88277134055,0.0011585173697141872
175.11321047738258,106758.9914131363,0.0012110504802274756
175.14767882268444,110124.18141259026,0.0012489786119978718
175.1821464178895,110397.06199599255,0.0012518271509496613
175.2166132628501,108302.32178597461,0.0012278326557827958
175.25107935741875,105462.79243668469,0.0011954055264568068
175.28554470144778,104723.31842795252,0.001186790297985848
175.32000929478957,106546.28026642003,0.001207211882744986
175.35447313729657,106880.05687214441,0.0012107556984589508
175.38893622882114,106357.6749025184,0.0012046013205589505
175.42339856921566,107995.68510314476,0.0012229130448650392
175.4578601583326,113894.77809632193,0.0012894594183024367
175.49232099602435,119934.61146703122,0.0013575727409101987
175.52678108214334,124838.4586016479,0.0014128033093661339
175.56124041654198,123142.95326917003,0.0013933416474285042
175.5956989990727,114377.44797078488,0.0012939074765500077
175.63015682958786,110112.09472745913,0.0012454108064102846
175.66461390794,111250.77227783091,0.0012580428774772408
175.6990702339815,114490.32578948486,0.0012944224072315661
175.73352580756477,117530.13646864971,0.0013285298361216359
175.7679806285423,118369.20199121803,0.0013377521291799194
175.8024346967664,116176.22937144453,0.0013127108832791108
175.8368880120897,116722.71360714319,0.0013186273551909478
175.87134057436458,120163.5055366818,0.0013572323727123606
175.90579238344344,124510.91215728178,0.001406060372563577
175.9402434391788,123391.93680309743,0.0013931513076340868
175.97469374142307,119715.64277233103,0.001351379660045566
176.00914329002876,119238.23422247947,0.0013457271095377063
176.04359208484829,120070.58655627725,0.001354855894086579
176.0780401257341,123009.67755207016,0.001387748539222559
176.11248741253877,126626.7323028097,0.0014282753566485888
176.14693394511468,125844.04045926967,0.0014191694702638156
176.18137972331434,130654.56312900494,0.0014731306641748555
176.21582474699025,141582.90671130645,0.001596035737796011
176.25026901599483,137067.68614593157,0.0015448345978728009
176.28471253018066,120400.09436720407,0.0013567157599102793
176.31915528940013,107224.62402988442,0.001208013339190167
176.35359729350577,110095.24666358677,0.0012401120863974836
176.38803854235016,115116.73086859734,0.0012964208627508245
176.42247903578567,115309.90582003778,0.0012983428523750751
176.4569187736649,125122.36959910166,0.0014085522556889173
176.4913577558403,123813.35851702986,0.001393544220434158
176.52579598216442,112475.81823435983,0.00126569095672794
176.56023345248974,109357.80577849661,0.001230363921550615
176.59467016666878,101740.41034141992,0.001144438836948017
176.62910612455408,96788.97207408263,0.00108852974452044
176.66354132599812,110804.73624607328,0.0012459140598548304
176.6979757708535,137229.93714233502,0.0015427444205994962
176.73240945897268,157458.26357485834,0.0017698071843804514
176.76684239020824,158490.25050128077,0.0017810595567100504
176.80127456441264,150237.1345501144,0.001687985044955638
176.83570598143854,139585.76791037578,0.0015680065548555066
176.87013664113837,133927.70364245703,0.0015041550474431573
176.90456654336475,131304.7866224219,0.0014744098000136672
176.93899568797013,127004.4085673319,0.0014258437388197523
176.97342407480724,126960.71696311953,0.0014250759371054412
177.00785170372845,138046.8472784147,0.0015492112989661658
177.04227857458645,154835.50831751732,0.001737281792747391
177.07670468723373,144199.99437915385,0.0016176348936912369
177.11113004152284,138868.9534479148,0.0015575285023141294
177.1455546373064,157754.16202036114,0.001768997674283821
177.17997847443698,168660.50898796218,0.0018909300187406831
177.2144015527671,156128.36272860135,0.0017500863894844747
177.24882387214933,156615.54003944533,0.001755206362715564
177.2832454324364,177739.29693760473,0.0019915557067324923
177.3176662334807,185975.0963121383,0.0020834327177439763
177.35208627513498,180725.31114807975,0.00202422774790858
177.38650555725172,168667.666284167,0.0018888086021242095
177.42092407968354,162006.16295255136,0.001813858454009541
177.45534184228308,160387.91639038158,0.0017953919045468638
177.4897588449029,139710.31004893902,0.001563622285088821
177.52417508739558,115641.14987799682,0.0012939920034573098
177.55859056961378,110183.5067976324,0.0012326835369861704
177.5930052914101,122231.74564736233,0.0013672088216608298
177.62741925263717,130826.00782420946,0.0014630554201327144
177.66183245314753,136181.77337054303,0.001522655103330727
177.69624489279386,131819.5752640696,0.0014735957217986376
177.73065657142882,131420.8210674678,0.0014688536448199097
177.76506748890495,140976.654516515,0.0015753515061307406
177.79947764507497,137579.3498129971,0.0015370905987056802
177.8338870397914,141091.07894481166,0.0015760200116135205
177.86829567290698,145840.2594919571,0.0016287543140764522
177.90270354427432,154776.40285799178,0.001728219477298121
177.937110653746,169948.3401831042,0.001897261035065611
177.97151700117476,165356.11844085256,0.0018456377358228113
178.00592258641325,157259.51015221,0.0017549274235145386
178.04032740931402,164618.56651317902,0.0018366953464666455
178.07473146972987,175352.32648859618,0.0019560769185476045
178.10913476751327,177830.666697546,0.0019833399374790217
178.14353730251702,170253.86198929872,0.0018984693709895902
178.1779390745938,154080.56021966066,0.001717792142583511
178.21234008359622,142935.4882159696,0.0015932318907849758
178.24674032937696,147264.92549224824,0.0016411732130443867
178.28113981178873,150350.50050870542,0.0016752366684899785
178.31553853068414,149837.5130544075,0.0016691987891314234
178.34993648591595,158480.59011252798,0.0017651426757635171
178.38433367733677,169006.0694074942,0.0018820115539298701
178.41873010479938,167082.09459574043,0.0018602279332800497
178.45312576815638,160685.55618309166,0.0017886665087521098
178.48752066726055,161943.4549767612,0.0018023213940654562
178.5219148019645,163497.05383876103,0.0018192613337445656
178.55630817212102,161034.00361803552,0.0017915093822295182
178.59070077758275,163821.2611564261,0.0018221667513203675
178.62509261820244,171788.11717507069,0.0019104133624091187
178.65948369383273,169409.346955312,0.0018835969913668109
178.69387400432643,155297.7520829313,0.001726363318079367
178.72826354953622,157329.39306297005,0.0017486114814442687
178.7626523293148,163145.8941269117,0.0018129092006002275
178.79704034351494,165775.5583701656,0.001841776249110702
178.8314275919893,164089.91550484218,0.0018226981057619177
178.86581407459067,158914.42659906734,0.001764869817970308
178.90019979117176,168876.3728793561,0.001875144590693343
178.93458474158533,187707.43902037782,0.0020838376912884647
178.96896892568407,191819.02917574538,0.0021290734631951307
179.00335234332076,180225.54277166232,0.0020000086409945623
179.03773499434817,168134.6647689597,0.0018654747785363497
179.07211687861906,177753.72113199634,0.0019718207288913162
179.1064979959861,189752.6263252094,0.002104520437115423
179.14087834630215,186805.31658384387,0.002071434605910494
179.1752579294199,184185.80263543077,0.002041995623685763
179.20963674519214,180093.31889099677,0.0019962408405822525
179.2440147934716,169160.8329067056,0.0018747002888377835
179.27839207411105,154328.8215648154,0.0017099987224045167
179.3127685869634,145925.96965661916,0.0016165832181699587
179.34714433188125,146118.26828168728,0.0016184032612073592
179.38151930871751,144252.1134993661,0.001597427590465077
179.41589351732486,142994.69886371496,0.0015831997752238812
179.45026695755618,138759.73992996334,0.0015360171431823013
179.4846396292642,152727.96983056213,0.001690316324622905
179.51901153230176,154796.56963577698,0.0017128825237685543
179.55338266652154,152613.1345753657,0.0016883987251327755
179.5877530317765,164585.78531591815,0.0018205067842819134
179.6221226279193,168140.5092687581,0.001859470225232221
179.6564914548029,166326.4516453543,0.001839056630845619
179.69085951228,160845.44544634252,0.001778113486949958
179.72522680020342,154815.12419306877,0.0017111222538614395
179.75959331842606,162486.29671020212,0.0017955659374386832
179.79395906680065,167689.5260511493,0.0018527103851693845
179.82832404518,171501.1928290297,0.0018944613201487136
179.86268825341702,170151.36169626037,0.0018791915167403208
179.89705169136448,165245.32534752588,0.0018246594934761859
179.93141435887526,173911.6864779516,0.0019199877914880127
179.96577625580215,177061.0292656375,0.0019543833531993878
180.00013738199803,176075.1821770806,0.0019431306589741415
180.03449773731572,184779.41978079488,0.002038799704466235
180.06885732160808,183235.86469938114,0.002021382808033877
180.1032161347279,187588.32587933284,0.002069002587360592
180.13757417652806,196937.71276880955,0.0021717072142825923
180.1719314468615,185593.394866651,0.0020462188261820744
180.20628794558104,184579.19277540018,0.0020346489841727923
180.24064367253942,185048.5747154656,0.0020394342527233094
180.2749986275897,188792.81381024673,0.0020803032748892497
180.3093528105846,195298.25353918257,0.002151576535802248
180.34370622137712,189186.3108320229,0.002083844999972446
180.37805885982002,181799.0784012293,0.0020020949155080607
180.41241072576625,187461.6239292449,0.0020640616248897496
180.44676181906863,197328.65702758497,0.0021722897933231424
180.4811121395801,202034.62465324288,0.002223672068814535
180.51546168715353,203031.90172499034,0.0022342232680684897
180.54981046164184,200845.44911099813,0.002209742421610508
180.5841584628979,194251.4230391167,0.0021367871027527137
180.6185056907746,197262.46995021545,0.002169496311604468
180.65285214512488,197271.05827460953,0.002169178274743005
180.68719782580158,185441.924848995,0.00203871837930974
180.7215427326576,181573.50534317154,0.001995810241718573
180.75588686554602,210788.88210619762,0.0023164980803777675
180.79023022431957,314404.04441196885,0.00345453709555901
180.82457280883128,388033.41909654683,0.004262735414525024
180.85891461893402,305668.98150711856,0.0033572844894236313
180.89325565448073,196072.49223149955,0.0021531336499635194
180.92759591532433,181448.84364156658,0.001992168581926468
180.9619354013178,193548.42840005746,0.0021246094613555514
180.99627411231393,198781.94385502362,0.0021816445461063107
181.03061204816584,208642.5449817563,0.00228943093179765
181.06494920872635,218421.0074076795,0.0023962753100278487
181.09928559384852,217553.2752500023,0.0023863029778630157
181.1336212033852,191158.7462640275,0.0020963886428846637
181.16795603718936,186827.93144409137,0.0020485054092847744
181.202290095114,194643.4969077643,0.002133796068503971
181.23662337701202,197497.65994642596,0.002164674924671588
181.27095588273642,207455.14438242558,0.002273383367035723
181.30528761214012,211766.07976889037,0.0023201850346454417
181.33961856507617,196505.23360162953,0.002152574137502675
181.3739487413975,180944.24090066238,0.0019817394325027595
181.4082781409571,182852.9430885003,0.0020022649638348116
181.4426067636079,182484.7142994151,0.0019978547456330487
181.47693460920294,181582.014349469,0.0019875958856181587
181.51126167759517,199870.95194431936,0.002187372761509085
181.5455879686376,205762.43786023275,0.00225142296786104
181.57991348218317,205882.36589157552,0.002252309350432201
181.61423821808495,215868.39567145443,0.002361108065882524
181.64856217619595,290316.6890044236,0.0031748026339701307
181.6828853563691,466712.7461234086,0.005102844541714047
181.7172077584574,581886.8969079909,0.0063609095075370025
181.75152938231392,537752.6883969939,0.005877345352542702
181.78585022779166,346470.2019060762,0.0037860165469168583
181.82017029474363,235907.24686338406,0.0025773649393466803
181.85448958302285,214274.3750379999,0.002340576844186963
181.88880809248226,228498.49151892037,0.0024954797761966704
181.92312582297504,250128.63283128646,0.0027311917641149727
181.95744277435412,240228.48273658406,0.002622595840293269
181.99175894647257,219770.76892667107,0.002398804746821327
182.02607433918334,207885.91208839798,0.002268653401330902
182.06038895233957,197416.3106141691,0.002153992860737699
182.0947027857943,206151.33621865726,0.0022488761378933273
182.12901583940052,223078.50099547417,0.0024330737378134015
182.1633281130113,245813.03847324298,0.0026805299081028777
182.19763960647973,248975.56292412494,0.0027145051564794443
182.23195031965878,236190.95122029388,0.0025746335626426592
182.2662602524016,233004.40636453472,0.002539420058131454
182.30056940456123,245233.9380975266,0.00267220173429022
182.33487777599066,263155.9091651076,0.002866949681618567
182.3691853665431,272339.3857388418,0.0029664408276968905
182.40349217607147,266789.29837414215,0.0029054402620000037
182.43779820442893,275454.73060384986,0.002999246131719884
182.47210345146854,285407.7845855317,0.0031070341763894524
182.5064079170434,259652.88106839036,0.0028261273159306695
182.54071160100656,244968.62708522147,0.0026657991389530803
182.57501450321118,253193.2335716723,0.002754783326897113
182.60931662351032,239384.6415961862,0.002604054364433732
182.64361796175703,219402.40024529817,0.0023862369554979636
182.67791851780444,224443.7234543573,0.002440608417318613
182.71221829150568,243843.1818704783,0.0026510609993715024
182.74651728271377,247613.98211554298,0.0026915518457164573
182.7808154912819,225132.44870403252,0.0024467194748526763
182.8151129170632,201401.20359144494,0.0021883997722932608
182.84940955991073,218418.5931462378,0.0023728633991510826
182.88370541967765,244087.51435037746,0.002651229031632861
182.91800049621702,252265.08340669153,0.002739538397606509
182.95229478938202,246309.8879643468,0.0026743649991195335
182.98658829902578,242226.47930065476,0.0026295355777332043
183.02088102500136,239748.99905994436,0.002602153161888152
183.05517296716204,232629.5786250043,0.0025244084325510598
183.08946412536082,231220.94901360458,0.002508652577272386
183.1237544994509,225882.17566658527,0.002450270168427068
183.15804408928545,246030.2044071087,0.002668327454185536
183.1923328947176,266591.2495065463,0.0028907816632478666
183.22662091560048,256306.11364385052,0.0027787347193281597
183.26090815178725,248736.77389723947,0.0026961674246929967
183.2951946031311,255966.7289514592,0.002774017097868337
183.32948026948512,247562.3386148799,0.0026824334971042615
183.36376515070256,244704.70047925488,0.0026509741199043056
183.39804924663662,259743.74417902337,0.0028133714698717793
183.43233255714037,273639.2227634532,0.0029633241057015034
183.46661508206705,268790.27072007087,0.002910269384638915
183.50089682126975,283288.44817876426,0.0030666722874541203
183.53517777460178,287115.8408498767,0.0031075242880953544
183.56945794191628,270997.7257304487,0.002932526295432982
183.6037373230664,254869.5218958171,0.002757484509566416
183.63801591790536,244372.01055337838,0.002643416304893042
183.67229372628637,239924.44264268334,0.0025948218086097948
183.70657074806263,259278.29859016475,0.0028036136916745197
183.74084698308735,281533.2400167771,0.0030436916913723832
183.77512243121367,278426.5140767613,0.0030095430745938844
183.80939709229492,259217.9736742586,0.0028013933616924513
183.8436709661842,246841.2078982048,0.00266713914765421
183.8779440527348,267490.13507858943,0.002889713754856853
183.91221635179983,300443.1040675356,0.0032451020328163505
183.94648786323268,289133.68015252706,0.0031223664963573126
183.98075858688642,260255.91757869863,0.0028099908272491837
184.01502852261441,232636.75916426352,0.0025113181772260505
184.04929767026982,226264.73628211036,0.0024420772822990712
184.08356602970588,241712.41420055216,0.002608318559538368
184.11783360077584,221390.79654849938,0.0023885833518598708
184.15210038333296,196116.18619608483,0.002115502080494927
184.18636637723046,198154.93797274333,0.0021370964034779566
184.2206315823216,217270.11604912573,0.0023428173078233194
184.25489599845966,229627.5168769037,0.0024756063451566983
184.28915962549786,248358.3100605839,0.0026770445636979667
184.32342246328946,265043.00549965864,0.002856357196060514
184.35768451168778,249790.24630031385,0.002691478566788883
184.39194577054607,227307.5245645765,0.002448773177478233
184.42620623971752,230221.33320083935,0.002479702764903611
184.46046591905548,257614.2592163398,0.0027742352846136507
184.4947248084132,262270.85475999035,0.0028238574724905926
184.528982907644,236348.1189502736,0.002544276206586853
184.56324021660112,207341.75415511293,0.0022316097832891313
184.5974967351379,201515.4628051178,0.002168499184881121
184.63175246310755,220375.87767421684,0.0023710153051279986
184.6660074003634,236512.44030008453,0.002544155920667114
184.7002615467588,229080.70395966046,0.0024637559887036664
184.73451490214705,195442.0955262121,0.002101584033675553
184.76876746638132,173442.58346970374,0.0018646780836006642
184.80301923931506,171932.7962776813,0.0018481037938884615
184.83727022080154,182543.15809814486,0.0019617908659938514
184.87152041069407,202197.4413744431,0.00217261281615514
184.90576980884595,235489.37569443064,0.0025298661815019567
184.94001841511056,269588.5093295672,0.0028956573877629184
184.97426622934114,279137.2727629241,0.00299766579331629
185.0085132513911,261730.46009713618,0.0028102130734577718
185.04275948111368,222788.14548933753,0.0023916447805461816
185.07700491836226,183248.2589163331,0.0019668176122232582
185.11124956299025,189957.7067656586,0.0020384534570384166
185.1454934148509,215792.3113904541,0.0023152586516582696
185.17973647379762,219863.52875978433,0.002358502965442054
185.21397873968368,217177.5048512814,0.0023292589466012725
185.24822021236253,211624.92465054896,0.0022692872166996413
185.28246089168744,208158.80934980503,0.0022317070179088344
185.3167007775118,221820.2751073827,0.002377734581394731
185.35093986968897,245499.59637704442,0.002631071705438309
185.38517816807231,267507.0369852412,0.0028664006697543616
185.41941567251524,287858.2461573002,0.0030838991073220256
185.45365238287107,308377.10270553804,0.0033031129698316434
185.4878882989932,322665.60169670364,0.0034555231476716764
185.52212342073503,317603.1748697566,0.0034006804368116685
185.55635774794987,296782.6405435543,0.00317716192714783
185.59059128049122,284493.376815701,0.0030450392791741775
185.62482401821234,298374.2548518483,0.0031930225587230537
185.65905596096675,317533.048051229,0.0033974219535475836
185.69328710860773,314492.6225449661,0.003364270847923029
185.72751746098876,283756.29318197595,0.0030349108812603954
185.76174701796322,254036.66919196513,0.0027165444608985784
185.79597577938455,249200.39490180364,0.0026643367631895717
185.83020374510608,270565.08366939134,0.0028922254384205
185.86443091498128,282988.38961476524,0.0030244682223395307
185.89865728886357,269302.364823877,0.002877667477002548
185.93288286660632,251362.28108225478,0.0026854718245335604
185.96710764806303,247131.81006738037,0.002639788957926454
186.00133163308706,260712.3826029188,0.0027843402111659785
186.0355548215319,274257.19629283994,0.0029284564673892036
186.06977721325092,279229.3552660036,0.002980999685803474
186.10399880809763,276115.90829759545,0.0029472190690825488
186.1382196059254,268249.1908402333,0.0028627245297241583
186.17243960658772,265337.7997604301,0.00283113401777451
186.20665880993798,271186.8108696833,0.002893010772302738
186.2408772158297,283766.3228009356,0.003026652340838583
186.27509482411634,298964.9415380042,0.0031881750919400998
186.30931163465127,313046.2084299626,0.0033377252266325545
186.34352764728803,308179.96653137787,0.0032852376034496695
186.37774286188008,287605.3467084952,0.0030653467022489214
186.41195727828085,273500.2984848857,0.002914477672090121
186.44617089634383,267539.98605356493,0.002850440144965483
186.4803837159225,267893.283798729,0.002853680620850126
186.5145957368703,275769.2346127872,0.0029370388065922356
186.5488069590408,274644.80525318626,0.0029245268126925975
186.5830173822874,261811.6832994194,0.0027873634772130817
186.61722700646362,265952.5529279183,0.002830929969288506
186.651435831423,288502.9432757561,0.003070404595216797
186.68564385701893,317274.1851309287,0.00337598501119251
186.719851083105,334206.4363725397,0.0035555026902713656
186.75405750953462,339196.21425301215,0.0036079261921781024
186.7882631361614,351061.32909782534,0.003733447969591151
186.82246796283877,353173.7594692725,0.003755225469354555
186.85667198942033,340357.13966156956,0.003618286484781727
186.8908752157595,342629.1191537331,0.003641772953974075
186.9250776417099,351139.0901591894,0.0037315417421455183
186.95927926712494,356537.03672361193,0.0037882123866840637
186.9934800918582,354030.55983759696,0.0037608930374970297
187.02768011576322,345862.431920507,0.003673450552711041
187.06187933869353,333653.8084002166,0.0035431332655593453
187.09607776050265,344124.6146174714,0.0036536567917186892
187.1302753810441,368731.76711494924,0.003914201620118761
187.1644722001715,367857.20239299716,0.0039042043779098255
187.19866821773837,354338.81304911064,0.0037600417369287524
187.2328634335982,345931.7292500879,0.0036701601293323578
187.2670578476046,333861.3811824186,0.003541453083541494
187.3012514596111,319106.8018468701,0.0033843251131041
187.3354442694713,314447.7905173381,0.003334304720190787
187.36963627703867,337546.4077952854,0.0035785819836710304
187.4038274821669,371906.4870185614,0.003942139526409474
187.4380178847095,381261.286941123,0.004040561494348127
187.47220748452003,351959.94019109086,0.003729349076630704
187.50639628145208,314884.5560935075,0.0033358918926756236
187.54058427535927,330915.7253103686,0.003505087267423428
187.57477146609511,348631.87033846555,0.003692065134724833
187.6089578535133,338567.33972152893,0.003584826855714066
187.64314343746727,344048.38754947484,0.0036421977470824825
187.67732821781078,349070.02290702506,0.00369468516387677
187.7115121943973,331707.00587025256,0.003510269254230724
187.74569536708054,328699.10042522533,0.003477804952372183
187.77987773571402,341199.64197603875,0.003609409933103962
187.81405930015143,346591.76705050585,0.003665783712250567
187.8482400602463,336304.4198566475,0.003556330700113926
187.88242001585223,322606.1888754804,0.003410854891232451
187.91659916682298,323916.6007884361,0.003424086729050681
187.95077751301199,325151.6288085227,0.0034365170392016953
187.98495505427303,318028.90828576504,0.0033606261300895895
188.01913179045968,314937.7956559828,0.0033273572679635194
188.0533077214256,316949.2916738485,0.0033480004148262405
188.08748284702432,321963.5900671554,0.003400349528729454
188.1216571671096,322925.4833961663,0.0034098888037124957
188.155830681535,314068.0698486072,0.0033157577915267494
188.1900033901543,306238.0716966516,0.0032325058962529092
188.22417529282095,322970.660876621,0.003408508360431996
188.25834638938872,353393.14760271605,0.0037288986438900077
188.2925166797113,376715.1303113049,0.003974263861489706
188.3266861636423,397535.3787226136,0.004193152086391975
188.3608548410354,392285.0653242197,0.004137021863072095
188.39502271174425,355083.54750188946,0.003744017065749732
188.4291897756225,365170.2914573715,0.0038496739809127717
188.46335603252388,392640.51016086584,0.004138518292920074
188.49752148230203,381042.99167801195,0.004015549912839967
188.53168612481065,372096.6102975947,0.003920559564695504
188.56584995990337,372679.0853875858,0.003925985328575353
188.600012987434,366423.06138915103,0.003859382070113107
188.6341752072561,361933.14085143287,0.003811401218716031
188.66833661922348,371650.67415863735,0.003913024785163286
188.70249722318974,387382.5090848959,0.004077923314578993
188.73665701900862,385501.08518550236,0.004057383333250667
188.77081600653383,373438.6851446025,0.00392971583089191
188.80497418561907,366414.6431263467,0.003855103867175727
188.8391315561181,360259.98841847805,0.0037896642128745764
188.87328811788456,358721.7862787523,0.0037728010718134264
188.90744387077223,370704.3852054024,0.0038981212739505277
188.94159881463477,397022.6348240817,0.004174114668523778
188.97575294932597,415719.8466661557,0.004369898687906282
189.00990627469952,408479.7319478614,0.004293017314402248
189.0440587906092,404698.38549528125,0.004252507939345471
189.07821049690864,406128.87746838137,0.004266768515408939
189.1123613934517,392270.6758038696,0.004120430758106491
189.14651148009207,386328.3731151801,0.004057279846685801
189.18066075668352,425483.35490966815,0.004467684858920713
189.21480922307975,496400.18236231385,0.005211389126868805
189.24895687913457,498928.36083726055,0.005236985740844933
189.2831037247017,435536.11509041843,0.004570766321475624
189.31724975963493,370310.6451108901,0.003885551809901894
189.351394983788,357036.06367952353,0.003745590295378479
189.3855393970147,381988.0830542679,0.004006634197412369
189.41968299916874,415971.7755802164,0.004362299233532209
189.45382579010402,451053.8024439368,0.0047293522579989235
189.4879677696742,455249.90685849055,0.004772488844183648
189.52210893773312,427636.8888292114,0.004482207677947457
189.55624929413455,395490.1735310419,0.004144520430804257
189.59038883873228,391124.5969895224,0.004098033513561508
189.62452757138007,403567.5845661319,0.004227644474774196
189.65866549193177,409868.79037274566,0.00429288104095295
189.69280260024112,421171.0816144935,0.004410465054671033
189.72693889616198,418087.5755096095,0.0043773871250520294
189.76107437954818,394899.9437608884,0.004133868292915043
189.79520905025345,373765.1126391947,0.003911922214865843
189.82934290813162,357932.5232737063,0.0037455406254176416
189.86347595303656,342101.42643075925,0.003579234491323365
189.89760818482202,334845.81931685086,0.003502693049695268
189.93173960334187,348072.67869212915,0.0036403998167760542
189.96587020844987,373230.5542148946,0.003902818029737895
